/COM,ANSYS RELEASE 14.5    UP20120918       14:29:01    05/31/2015
/PREP7
/NOPR
/TITLE,                                                                        
*IF,_CDRDOFF,EQ,1,THEN     !if solid model was read in
_CDRDOFF=             !reset flag, numoffs already performed
*ELSE              !offset database for the following FE model
NUMOFF,NODE,      289
NUMOFF,ELEM,      256
NUMOFF,MAT ,        1
NUMOFF,SECN,        1
NUMOFF,TYPE,        1
*ENDIF
*SET,H       ,  16.00000000000    
*SET,_BUTTON ,  0.000000000000    
*SET,_RETURN ,  0.000000000000    
*SET,_STATUS ,  1.000000000000    
*SET,_UIQR   ,  1.000000000000    
*SET,_Z1     ,  0.000000000000    
*SET,_Z10    ,'Nodes                           '
*SET,_Z11    ,'XXX                             '
*SET,_Z12    ,  0.000000000000    
*SET,_Z13    ,  0.000000000000    
*SET,_Z14    ,  0.000000000000    
*SET,_Z15    ,  0.000000000000    
*SET,_Z16    ,  0.000000000000    
*SET,_Z17    ,  0.000000000000    
*SET,_Z18    ,  0.000000000000    
*SET,_Z19    ,  0.000000000000    
*SET,_Z2     ,  0.000000000000    
*SET,_Z20    ,  0.000000000000    
*SET,_Z21    ,  0.000000000000    
*SET,_Z30    ,  0.000000000000    
*SET,_Z31    ,  0.000000000000    
*SET,_Z32    ,  0.000000000000    
*SET,_Z7     ,'F                               '
*SET,_Z9     ,'F/M                             '
*SET,_ZBIGMAT,  1.000000000000    
DOF,DELETE
ET,       1,181
DOF,UX  ,UY  ,UZ  ,ROTX,ROTY,
NBLOCK,6,SOLID,       289,       289
(3i9,6e20.13)
        1       11        0 0.0000000000000E+00
        2       21        0 2.0000000000000E+00
        3       12     6250 1.2500000000000E-01
        4       12    12500 2.5000000000000E-01
        5       12    18750 3.7500000000000E-01
        6       12    25000 5.0000000000000E-01
        7       12    31250 6.2500000000000E-01
        8       12    37500 7.5000000000000E-01
        9       12    43750 8.7500000000000E-01
       10       12    50000 1.0000000000000E+00
       11       12    56250 1.1250000000000E+00
       12       12    62500 1.2500000000000E+00
       13       12    68750 1.3750000000000E+00
       14       12    75000 1.5000000000000E+00
       15       12    81250 1.6250000000000E+00
       16       12    87500 1.7500000000000E+00
       17       12    93750 1.8750000000000E+00
       18       31        0 2.0000000000000E+00 1.0000000000000E+00
       19       22     6250 2.0000000000000E+00 6.2500000000000E-02
       20       22    12500 2.0000000000000E+00 1.2500000000000E-01
       21       22    18750 2.0000000000000E+00 1.8750000000000E-01
       22       22    25000 2.0000000000000E+00 2.5000000000000E-01
       23       22    31250 2.0000000000000E+00 3.1250000000000E-01
       24       22    37500 2.0000000000000E+00 3.7500000000000E-01
       25       22    43750 2.0000000000000E+00 4.3750000000000E-01
       26       22    50000 2.0000000000000E+00 5.0000000000000E-01
       27       22    56250 2.0000000000000E+00 5.6250000000000E-01
       28       22    62500 2.0000000000000E+00 6.2500000000000E-01
       29       22    68750 2.0000000000000E+00 6.8750000000000E-01
       30       22    75000 2.0000000000000E+00 7.5000000000000E-01
       31       22    81250 2.0000000000000E+00 8.1250000000000E-01
       32       22    87500 2.0000000000000E+00 8.7500000000000E-01
       33       22    93750 2.0000000000000E+00 9.3750000000000E-01
       34       41        0 0.0000000000000E+00 1.0000000000000E+00
       35       32     6250 1.8750000000000E+00 1.0000000000000E+00
       36       32    12500 1.7500000000000E+00 1.0000000000000E+00
       37       32    18750 1.6250000000000E+00 1.0000000000000E+00
       38       32    25000 1.5000000000000E+00 1.0000000000000E+00
       39       32    31250 1.3750000000000E+00 1.0000000000000E+00
       40       32    37500 1.2500000000000E+00 1.0000000000000E+00
       41       32    43750 1.1250000000000E+00 1.0000000000000E+00
       42       32    50000 1.0000000000000E+00 1.0000000000000E+00
       43       32    56250 8.7500000000000E-01 1.0000000000000E+00
       44       32    62500 7.5000000000000E-01 1.0000000000000E+00
       45       32    68750 6.2500000000000E-01 1.0000000000000E+00
       46       32    75000 5.0000000000000E-01 1.0000000000000E+00
       47       32    81250 3.7500000000000E-01 1.0000000000000E+00
       48       32    87500 2.5000000000000E-01 1.0000000000000E+00
       49       32    93750 1.2500000000000E-01 1.0000000000000E+00
       50       42     6250 0.0000000000000E+00 9.3750000000000E-01
       51       42    12500 0.0000000000000E+00 8.7500000000000E-01
       52       42    18750 0.0000000000000E+00 8.1250000000000E-01
       53       42    25000 0.0000000000000E+00 7.5000000000000E-01
       54       42    31250 0.0000000000000E+00 6.8750000000000E-01
       55       42    37500 0.0000000000000E+00 6.2500000000000E-01
       56       42    43750 0.0000000000000E+00 5.6250000000000E-01
       57       42    50000 0.0000000000000E+00 5.0000000000000E-01
       58       42    56250 0.0000000000000E+00 4.3750000000000E-01
       59       42    62500 0.0000000000000E+00 3.7500000000000E-01
       60       42    68750 0.0000000000000E+00 3.1250000000000E-01
       61       42    75000 0.0000000000000E+00 2.5000000000000E-01
       62       42    81250 0.0000000000000E+00 1.8750000000000E-01
       63       42    87500 0.0000000000000E+00 1.2500000000000E-01
       64       42    93750 0.0000000000000E+00 6.2500000000000E-02
       65       13        0 1.2500000000000E-01 6.2500000000000E-02
       66       13        0 1.2500000000000E-01 1.2500000000000E-01
       67       13        0 1.2500000000000E-01 1.8750000000000E-01
       68       13        0 1.2500000000000E-01 2.5000000000000E-01
       69       13        0 1.2500000000000E-01 3.1250000000000E-01
       70       13        0 1.2500000000000E-01 3.7500000000000E-01
       71       13        0 1.2500000000000E-01 4.3750000000000E-01
       72       13        0 1.2500000000000E-01 5.0000000000000E-01
       73       13        0 1.2500000000000E-01 5.6250000000000E-01
       74       13        0 1.2500000000000E-01 6.2500000000000E-01
       75       13        0 1.2500000000000E-01 6.8750000000000E-01
       76       13        0 1.2500000000000E-01 7.5000000000000E-01
       77       13        0 1.2500000000000E-01 8.1250000000000E-01
       78       13        0 1.2500000000000E-01 8.7500000000000E-01
       79       13        0 1.2500000000000E-01 9.3750000000000E-01
       80       13        0 2.5000000000000E-01 6.2500000000000E-02
       81       13        0 2.5000000000000E-01 1.2500000000000E-01
       82       13        0 2.5000000000000E-01 1.8750000000000E-01
       83       13        0 2.5000000000000E-01 2.5000000000000E-01
       84       13        0 2.5000000000000E-01 3.1250000000000E-01
       85       13        0 2.5000000000000E-01 3.7500000000000E-01
       86       13        0 2.5000000000000E-01 4.3750000000000E-01
       87       13        0 2.5000000000000E-01 5.0000000000000E-01
       88       13        0 2.5000000000000E-01 5.6250000000000E-01
       89       13        0 2.5000000000000E-01 6.2500000000000E-01
       90       13        0 2.5000000000000E-01 6.8750000000000E-01
       91       13        0 2.5000000000000E-01 7.5000000000000E-01
       92       13        0 2.5000000000000E-01 8.1250000000000E-01
       93       13        0 2.5000000000000E-01 8.7500000000000E-01
       94       13        0 2.5000000000000E-01 9.3750000000000E-01
       95       13        0 3.7500000000000E-01 6.2500000000000E-02
       96       13        0 3.7500000000000E-01 1.2500000000000E-01
       97       13        0 3.7500000000000E-01 1.8750000000000E-01
       98       13        0 3.7500000000000E-01 2.5000000000000E-01
       99       13        0 3.7500000000000E-01 3.1250000000000E-01
      100       13        0 3.7500000000000E-01 3.7500000000000E-01
      101       13        0 3.7500000000000E-01 4.3750000000000E-01
      102       13        0 3.7500000000000E-01 5.0000000000000E-01
      103       13        0 3.7500000000000E-01 5.6250000000000E-01
      104       13        0 3.7500000000000E-01 6.2500000000000E-01
      105       13        0 3.7500000000000E-01 6.8750000000000E-01
      106       13        0 3.7500000000000E-01 7.5000000000000E-01
      107       13        0 3.7500000000000E-01 8.1250000000000E-01
      108       13        0 3.7500000000000E-01 8.7500000000000E-01
      109       13        0 3.7500000000000E-01 9.3750000000000E-01
      110       13        0 5.0000000000000E-01 6.2500000000000E-02
      111       13        0 5.0000000000000E-01 1.2500000000000E-01
      112       13        0 5.0000000000000E-01 1.8750000000000E-01
      113       13        0 5.0000000000000E-01 2.5000000000000E-01
      114       13        0 5.0000000000000E-01 3.1250000000000E-01
      115       13        0 5.0000000000000E-01 3.7500000000000E-01
      116       13        0 5.0000000000000E-01 4.3750000000000E-01
      117       13        0 5.0000000000000E-01 5.0000000000000E-01
      118       13        0 5.0000000000000E-01 5.6250000000000E-01
      119       13        0 5.0000000000000E-01 6.2500000000000E-01
      120       13        0 5.0000000000000E-01 6.8750000000000E-01
      121       13        0 5.0000000000000E-01 7.5000000000000E-01
      122       13        0 5.0000000000000E-01 8.1250000000000E-01
      123       13        0 5.0000000000000E-01 8.7500000000000E-01
      124       13        0 5.0000000000000E-01 9.3750000000000E-01
      125       13        0 6.2500000000000E-01 6.2500000000000E-02
      126       13        0 6.2500000000000E-01 1.2500000000000E-01
      127       13        0 6.2500000000000E-01 1.8750000000000E-01
      128       13        0 6.2500000000000E-01 2.5000000000000E-01
      129       13        0 6.2500000000000E-01 3.1250000000000E-01
      130       13        0 6.2500000000000E-01 3.7500000000000E-01
      131       13        0 6.2500000000000E-01 4.3750000000000E-01
      132       13        0 6.2500000000000E-01 5.0000000000000E-01
      133       13        0 6.2500000000000E-01 5.6250000000000E-01
      134       13        0 6.2500000000000E-01 6.2500000000000E-01
      135       13        0 6.2500000000000E-01 6.8750000000000E-01
      136       13        0 6.2500000000000E-01 7.5000000000000E-01
      137       13        0 6.2500000000000E-01 8.1250000000000E-01
      138       13        0 6.2500000000000E-01 8.7500000000000E-01
      139       13        0 6.2500000000000E-01 9.3750000000000E-01
      140       13        0 7.5000000000000E-01 6.2500000000000E-02
      141       13        0 7.5000000000000E-01 1.2500000000000E-01
      142       13        0 7.5000000000000E-01 1.8750000000000E-01
      143       13        0 7.5000000000000E-01 2.5000000000000E-01
      144       13        0 7.5000000000000E-01 3.1250000000000E-01
      145       13        0 7.5000000000000E-01 3.7500000000000E-01
      146       13        0 7.5000000000000E-01 4.3750000000000E-01
      147       13        0 7.5000000000000E-01 5.0000000000000E-01
      148       13        0 7.5000000000000E-01 5.6250000000000E-01
      149       13        0 7.5000000000000E-01 6.2500000000000E-01
      150       13        0 7.5000000000000E-01 6.8750000000000E-01
      151       13        0 7.5000000000000E-01 7.5000000000000E-01
      152       13        0 7.5000000000000E-01 8.1250000000000E-01
      153       13        0 7.5000000000000E-01 8.7500000000000E-01
      154       13        0 7.5000000000000E-01 9.3750000000000E-01
      155       13        0 8.7500000000000E-01 6.2500000000000E-02
      156       13        0 8.7500000000000E-01 1.2500000000000E-01
      157       13        0 8.7500000000000E-01 1.8750000000000E-01
      158       13        0 8.7500000000000E-01 2.5000000000000E-01
      159       13        0 8.7500000000000E-01 3.1250000000000E-01
      160       13        0 8.7500000000000E-01 3.7500000000000E-01
      161       13        0 8.7500000000000E-01 4.3750000000000E-01
      162       13        0 8.7500000000000E-01 5.0000000000000E-01
      163       13        0 8.7500000000000E-01 5.6250000000000E-01
      164       13        0 8.7500000000000E-01 6.2500000000000E-01
      165       13        0 8.7500000000000E-01 6.8750000000000E-01
      166       13        0 8.7500000000000E-01 7.5000000000000E-01
      167       13        0 8.7500000000000E-01 8.1250000000000E-01
      168       13        0 8.7500000000000E-01 8.7500000000000E-01
      169       13        0 8.7500000000000E-01 9.3750000000000E-01
      170       13        0 1.0000000000000E+00 6.2500000000000E-02
      171       13        0 1.0000000000000E+00 1.2500000000000E-01
      172       13        0 1.0000000000000E+00 1.8750000000000E-01
      173       13        0 1.0000000000000E+00 2.5000000000000E-01
      174       13        0 1.0000000000000E+00 3.1250000000000E-01
      175       13        0 1.0000000000000E+00 3.7500000000000E-01
      176       13        0 1.0000000000000E+00 4.3750000000000E-01
      177       13        0 1.0000000000000E+00 5.0000000000000E-01
      178       13        0 1.0000000000000E+00 5.6250000000000E-01
      179       13        0 1.0000000000000E+00 6.2500000000000E-01
      180       13        0 1.0000000000000E+00 6.8750000000000E-01
      181       13        0 1.0000000000000E+00 7.5000000000000E-01
      182       13        0 1.0000000000000E+00 8.1250000000000E-01
      183       13        0 1.0000000000000E+00 8.7500000000000E-01
      184       13        0 1.0000000000000E+00 9.3750000000000E-01
      185       13        0 1.1250000000000E+00 6.2500000000000E-02
      186       13        0 1.1250000000000E+00 1.2500000000000E-01
      187       13        0 1.1250000000000E+00 1.8750000000000E-01
      188       13        0 1.1250000000000E+00 2.5000000000000E-01
      189       13        0 1.1250000000000E+00 3.1250000000000E-01
      190       13        0 1.1250000000000E+00 3.7500000000000E-01
      191       13        0 1.1250000000000E+00 4.3750000000000E-01
      192       13        0 1.1250000000000E+00 5.0000000000000E-01
      193       13        0 1.1250000000000E+00 5.6250000000000E-01
      194       13        0 1.1250000000000E+00 6.2500000000000E-01
      195       13        0 1.1250000000000E+00 6.8750000000000E-01
      196       13        0 1.1250000000000E+00 7.5000000000000E-01
      197       13        0 1.1250000000000E+00 8.1250000000000E-01
      198       13        0 1.1250000000000E+00 8.7500000000000E-01
      199       13        0 1.1250000000000E+00 9.3750000000000E-01
      200       13        0 1.2500000000000E+00 6.2500000000000E-02
      201       13        0 1.2500000000000E+00 1.2500000000000E-01
      202       13        0 1.2500000000000E+00 1.8750000000000E-01
      203       13        0 1.2500000000000E+00 2.5000000000000E-01
      204       13        0 1.2500000000000E+00 3.1250000000000E-01
      205       13        0 1.2500000000000E+00 3.7500000000000E-01
      206       13        0 1.2500000000000E+00 4.3750000000000E-01
      207       13        0 1.2500000000000E+00 5.0000000000000E-01
      208       13        0 1.2500000000000E+00 5.6250000000000E-01
      209       13        0 1.2500000000000E+00 6.2500000000000E-01
      210       13        0 1.2500000000000E+00 6.8750000000000E-01
      211       13        0 1.2500000000000E+00 7.5000000000000E-01
      212       13        0 1.2500000000000E+00 8.1250000000000E-01
      213       13        0 1.2500000000000E+00 8.7500000000000E-01
      214       13        0 1.2500000000000E+00 9.3750000000000E-01
      215       13        0 1.3750000000000E+00 6.2500000000000E-02
      216       13        0 1.3750000000000E+00 1.2500000000000E-01
      217       13        0 1.3750000000000E+00 1.8750000000000E-01
      218       13        0 1.3750000000000E+00 2.5000000000000E-01
      219       13        0 1.3750000000000E+00 3.1250000000000E-01
      220       13        0 1.3750000000000E+00 3.7500000000000E-01
      221       13        0 1.3750000000000E+00 4.3750000000000E-01
      222       13        0 1.3750000000000E+00 5.0000000000000E-01
      223       13        0 1.3750000000000E+00 5.6250000000000E-01
      224       13        0 1.3750000000000E+00 6.2500000000000E-01
      225       13        0 1.3750000000000E+00 6.8750000000000E-01
      226       13        0 1.3750000000000E+00 7.5000000000000E-01
      227       13        0 1.3750000000000E+00 8.1250000000000E-01
      228       13        0 1.3750000000000E+00 8.7500000000000E-01
      229       13        0 1.3750000000000E+00 9.3750000000000E-01
      230       13        0 1.5000000000000E+00 6.2500000000000E-02
      231       13        0 1.5000000000000E+00 1.2500000000000E-01
      232       13        0 1.5000000000000E+00 1.8750000000000E-01
      233       13        0 1.5000000000000E+00 2.5000000000000E-01
      234       13        0 1.5000000000000E+00 3.1250000000000E-01
      235       13        0 1.5000000000000E+00 3.7500000000000E-01
      236       13        0 1.5000000000000E+00 4.3750000000000E-01
      237       13        0 1.5000000000000E+00 5.0000000000000E-01
      238       13        0 1.5000000000000E+00 5.6250000000000E-01
      239       13        0 1.5000000000000E+00 6.2500000000000E-01
      240       13        0 1.5000000000000E+00 6.8750000000000E-01
      241       13        0 1.5000000000000E+00 7.5000000000000E-01
      242       13        0 1.5000000000000E+00 8.1250000000000E-01
      243       13        0 1.5000000000000E+00 8.7500000000000E-01
      244       13        0 1.5000000000000E+00 9.3750000000000E-01
      245       13        0 1.6250000000000E+00 6.2500000000000E-02
      246       13        0 1.6250000000000E+00 1.2500000000000E-01
      247       13        0 1.6250000000000E+00 1.8750000000000E-01
      248       13        0 1.6250000000000E+00 2.5000000000000E-01
      249       13        0 1.6250000000000E+00 3.1250000000000E-01
      250       13        0 1.6250000000000E+00 3.7500000000000E-01
      251       13        0 1.6250000000000E+00 4.3750000000000E-01
      252       13        0 1.6250000000000E+00 5.0000000000000E-01
      253       13        0 1.6250000000000E+00 5.6250000000000E-01
      254       13        0 1.6250000000000E+00 6.2500000000000E-01
      255       13        0 1.6250000000000E+00 6.8750000000000E-01
      256       13        0 1.6250000000000E+00 7.5000000000000E-01
      257       13        0 1.6250000000000E+00 8.1250000000000E-01
      258       13        0 1.6250000000000E+00 8.7500000000000E-01
      259       13        0 1.6250000000000E+00 9.3750000000000E-01
      260       13        0 1.7500000000000E+00 6.2500000000000E-02
      261       13        0 1.7500000000000E+00 1.2500000000000E-01
      262       13        0 1.7500000000000E+00 1.8750000000000E-01
      263       13        0 1.7500000000000E+00 2.5000000000000E-01
      264       13        0 1.7500000000000E+00 3.1250000000000E-01
      265       13        0 1.7500000000000E+00 3.7500000000000E-01
      266       13        0 1.7500000000000E+00 4.3750000000000E-01
      267       13        0 1.7500000000000E+00 5.0000000000000E-01
      268       13        0 1.7500000000000E+00 5.6250000000000E-01
      269       13        0 1.7500000000000E+00 6.2500000000000E-01
      270       13        0 1.7500000000000E+00 6.8750000000000E-01
      271       13        0 1.7500000000000E+00 7.5000000000000E-01
      272       13        0 1.7500000000000E+00 8.1250000000000E-01
      273       13        0 1.7500000000000E+00 8.7500000000000E-01
      274       13        0 1.7500000000000E+00 9.3750000000000E-01
      275       13        0 1.8750000000000E+00 6.2500000000000E-02
      276       13        0 1.8750000000000E+00 1.2500000000000E-01
      277       13        0 1.8750000000000E+00 1.8750000000000E-01
      278       13        0 1.8750000000000E+00 2.5000000000000E-01
      279       13        0 1.8750000000000E+00 3.1250000000000E-01
      280       13        0 1.8750000000000E+00 3.7500000000000E-01
      281       13        0 1.8750000000000E+00 4.3750000000000E-01
      282       13        0 1.8750000000000E+00 5.0000000000000E-01
      283       13        0 1.8750000000000E+00 5.6250000000000E-01
      284       13        0 1.8750000000000E+00 6.2500000000000E-01
      285       13        0 1.8750000000000E+00 6.8750000000000E-01
      286       13        0 1.8750000000000E+00 7.5000000000000E-01
      287       13        0 1.8750000000000E+00 8.1250000000000E-01
      288       13        0 1.8750000000000E+00 8.7500000000000E-01
      289       13        0 1.8750000000000E+00 9.3750000000000E-01
N,R5.3,LOC,       -1,
N,R5.1,LOC,       -1,
EBLOCK,19,SOLID,       256,       256
(19i9)
        1        1        1        1        0        0       13        0        4        0        1        1        3       65       64
        1        1        1        1        0        0       13        0        4        0        2        3        4       80       65
        1        1        1        1        0        0       13        0        4        0        3        4        5       95       80
        1        1        1        1        0        0       13        0        4        0        4        5        6      110       95
        1        1        1        1        0        0       13        0        4        0        5        6        7      125      110
        1        1        1        1        0        0       13        0        4        0        6        7        8      140      125
        1        1        1        1        0        0       13        0        4        0        7        8        9      155      140
        1        1        1        1        0        0       13        0        4        0        8        9       10      170      155
        1        1        1        1        0        0       13        0        4        0        9       10       11      185      170
        1        1        1        1        0        0       13        0        4        0       10       11       12      200      185
        1        1        1        1        0        0       13        0        4        0       11       12       13      215      200
        1        1        1        1        0        0       13        0        4        0       12       13       14      230      215
        1        1        1        1        0        0       13        0        4        0       13       14       15      245      230
        1        1        1        1        0        0       13        0        4        0       14       15       16      260      245
        1        1        1        1        0        0       13        0        4        0       15       16       17      275      260
        1        1        1        1        0        0       13        0        4        0       16       17        2       19      275
        1        1        1        1        0        0       13        0        4        0       17       64       65       66       63
        1        1        1        1        0        0       13        0        4        0       18       65       80       81       66
        1        1        1        1        0        0       13        0        4        0       19       80       95       96       81
        1        1        1        1        0        0       13        0        4        0       20       95      110      111       96
        1        1        1        1        0        0       13        0        4        0       21      110      125      126      111
        1        1        1        1        0        0       13        0        4        0       22      125      140      141      126
        1        1        1        1        0        0       13        0        4        0       23      140      155      156      141
        1        1        1        1        0        0       13        0        4        0       24      155      170      171      156
        1        1        1        1        0        0       13        0        4        0       25      170      185      186      171
        1        1        1        1        0        0       13        0        4        0       26      185      200      201      186
        1        1        1        1        0        0       13        0        4        0       27      200      215      216      201
        1        1        1        1        0        0       13        0        4        0       28      215      230      231      216
        1        1        1        1        0        0       13        0        4        0       29      230      245      246      231
        1        1        1        1        0        0       13        0        4        0       30      245      260      261      246
        1        1        1        1        0        0       13        0        4        0       31      260      275      276      261
        1        1        1        1        0        0       13        0        4        0       32      275       19       20      276
        1        1        1        1        0        0       13        0        4        0       33       63       66       67       62
        1        1        1        1        0        0       13        0        4        0       34       66       81       82       67
        1        1        1        1        0        0       13        0        4        0       35       81       96       97       82
        1        1        1        1        0        0       13        0        4        0       36       96      111      112       97
        1        1        1        1        0        0       13        0        4        0       37      111      126      127      112
        1        1        1        1        0        0       13        0        4        0       38      126      141      142      127
        1        1        1        1        0        0       13        0        4        0       39      141      156      157      142
        1        1        1        1        0        0       13        0        4        0       40      156      171      172      157
        1        1        1        1        0        0       13        0        4        0       41      171      186      187      172
        1        1        1        1        0        0       13        0        4        0       42      186      201      202      187
        1        1        1        1        0        0       13        0        4        0       43      201      216      217      202
        1        1        1        1        0        0       13        0        4        0       44      216      231      232      217
        1        1        1        1        0        0       13        0        4        0       45      231      246      247      232
        1        1        1        1        0        0       13        0        4        0       46      246      261      262      247
        1        1        1        1        0        0       13        0        4        0       47      261      276      277      262
        1        1        1        1        0        0       13        0        4        0       48      276       20       21      277
        1        1        1        1        0        0       13        0        4        0       49       62       67       68       61
        1        1        1        1        0        0       13        0        4        0       50       67       82       83       68
        1        1        1        1        0        0       13        0        4        0       51       82       97       98       83
        1        1        1        1        0        0       13        0        4        0       52       97      112      113       98
        1        1        1        1        0        0       13        0        4        0       53      112      127      128      113
        1        1        1        1        0        0       13        0        4        0       54      127      142      143      128
        1        1        1        1        0        0       13        0        4        0       55      142      157      158      143
        1        1        1        1        0        0       13        0        4        0       56      157      172      173      158
        1        1        1        1        0        0       13        0        4        0       57      172      187      188      173
        1        1        1        1        0        0       13        0        4        0       58      187      202      203      188
        1        1        1        1        0        0       13        0        4        0       59      202      217      218      203
        1        1        1        1        0        0       13        0        4        0       60      217      232      233      218
        1        1        1        1        0        0       13        0        4        0       61      232      247      248      233
        1        1        1        1        0        0       13        0        4        0       62      247      262      263      248
        1        1        1        1        0        0       13        0        4        0       63      262      277      278      263
        1        1        1        1        0        0       13        0        4        0       64      277       21       22      278
        1        1        1        1        0        0       13        0        4        0       65       61       68       69       60
        1        1        1        1        0        0       13        0        4        0       66       68       83       84       69
        1        1        1        1        0        0       13        0        4        0       67       83       98       99       84
        1        1        1        1        0        0       13        0        4        0       68       98      113      114       99
        1        1        1        1        0        0       13        0        4        0       69      113      128      129      114
        1        1        1        1        0        0       13        0        4        0       70      128      143      144      129
        1        1        1        1        0        0       13        0        4        0       71      143      158      159      144
        1        1        1        1        0        0       13        0        4        0       72      158      173      174      159
        1        1        1        1        0        0       13        0        4        0       73      173      188      189      174
        1        1        1        1        0        0       13        0        4        0       74      188      203      204      189
        1        1        1        1        0        0       13        0        4        0       75      203      218      219      204
        1        1        1        1        0        0       13        0        4        0       76      218      233      234      219
        1        1        1        1        0        0       13        0        4        0       77      233      248      249      234
        1        1        1        1        0        0       13        0        4        0       78      248      263      264      249
        1        1        1        1        0        0       13        0        4        0       79      263      278      279      264
        1        1        1        1        0        0       13        0        4        0       80      278       22       23      279
        1        1        1        1        0        0       13        0        4        0       81       60       69       70       59
        1        1        1        1        0        0       13        0        4        0       82       69       84       85       70
        1        1        1        1        0        0       13        0        4        0       83       84       99      100       85
        1        1        1        1        0        0       13        0        4        0       84       99      114      115      100
        1        1        1        1        0        0       13        0        4        0       85      114      129      130      115
        1        1        1        1        0        0       13        0        4        0       86      129      144      145      130
        1        1        1        1        0        0       13        0        4        0       87      144      159      160      145
        1        1        1        1        0        0       13        0        4        0       88      159      174      175      160
        1        1        1        1        0        0       13        0        4        0       89      174      189      190      175
        1        1        1        1        0        0       13        0        4        0       90      189      204      205      190
        1        1        1        1        0        0       13        0        4        0       91      204      219      220      205
        1        1        1        1        0        0       13        0        4        0       92      219      234      235      220
        1        1        1        1        0        0       13        0        4        0       93      234      249      250      235
        1        1        1        1        0        0       13        0        4        0       94      249      264      265      250
        1        1        1        1        0        0       13        0        4        0       95      264      279      280      265
        1        1        1        1        0        0       13        0        4        0       96      279       23       24      280
        1        1        1        1        0        0       13        0        4        0       97       59       70       71       58
        1        1        1        1        0        0       13        0        4        0       98       70       85       86       71
        1        1        1        1        0        0       13        0        4        0       99       85      100      101       86
        1        1        1        1        0        0       13        0        4        0      100      100      115      116      101
        1        1        1        1        0        0       13        0        4        0      101      115      130      131      116
        1        1        1        1        0        0       13        0        4        0      102      130      145      146      131
        1        1        1        1        0        0       13        0        4        0      103      145      160      161      146
        1        1        1        1        0        0       13        0        4        0      104      160      175      176      161
        1        1        1        1        0        0       13        0        4        0      105      175      190      191      176
        1        1        1        1        0        0       13        0        4        0      106      190      205      206      191
        1        1        1        1        0        0       13        0        4        0      107      205      220      221      206
        1        1        1        1        0        0       13        0        4        0      108      220      235      236      221
        1        1        1        1        0        0       13        0        4        0      109      235      250      251      236
        1        1        1        1        0        0       13        0        4        0      110      250      265      266      251
        1        1        1        1        0        0       13        0        4        0      111      265      280      281      266
        1        1        1        1        0        0       13        0        4        0      112      280       24       25      281
        1        1        1        1        0        0       13        0        4        0      113       58       71       72       57
        1        1        1        1        0        0       13        0        4        0      114       71       86       87       72
        1        1        1        1        0        0       13        0        4        0      115       86      101      102       87
        1        1        1        1        0        0       13        0        4        0      116      101      116      117      102
        1        1        1        1        0        0       13        0        4        0      117      116      131      132      117
        1        1        1        1        0        0       13        0        4        0      118      131      146      147      132
        1        1        1        1        0        0       13        0        4        0      119      146      161      162      147
        1        1        1        1        0        0       13        0        4        0      120      161      176      177      162
        1        1        1        1        0        0       13        0        4        0      121      176      191      192      177
        1        1        1        1        0        0       13        0        4        0      122      191      206      207      192
        1        1        1        1        0        0       13        0        4        0      123      206      221      222      207
        1        1        1        1        0        0       13        0        4        0      124      221      236      237      222
        1        1        1        1        0        0       13        0        4        0      125      236      251      252      237
        1        1        1        1        0        0       13        0        4        0      126      251      266      267      252
        1        1        1        1        0        0       13        0        4        0      127      266      281      282      267
        1        1        1        1        0        0       13        0        4        0      128      281       25       26      282
        1        1        1        1        0        0       13        0        4        0      129       57       72       73       56
        1        1        1        1        0        0       13        0        4        0      130       72       87       88       73
        1        1        1        1        0        0       13        0        4        0      131       87      102      103       88
        1        1        1        1        0        0       13        0        4        0      132      102      117      118      103
        1        1        1        1        0        0       13        0        4        0      133      117      132      133      118
        1        1        1        1        0        0       13        0        4        0      134      132      147      148      133
        1        1        1        1        0        0       13        0        4        0      135      147      162      163      148
        1        1        1        1        0        0       13        0        4        0      136      162      177      178      163
        1        1        1        1        0        0       13        0        4        0      137      177      192      193      178
        1        1        1        1        0        0       13        0        4        0      138      192      207      208      193
        1        1        1        1        0        0       13        0        4        0      139      207      222      223      208
        1        1        1        1        0        0       13        0        4        0      140      222      237      238      223
        1        1        1        1        0        0       13        0        4        0      141      237      252      253      238
        1        1        1        1        0        0       13        0        4        0      142      252      267      268      253
        1        1        1        1        0        0       13        0        4        0      143      267      282      283      268
        1        1        1        1        0        0       13        0        4        0      144      282       26       27      283
        1        1        1        1        0        0       13        0        4        0      145       56       73       74       55
        1        1        1        1        0        0       13        0        4        0      146       73       88       89       74
        1        1        1        1        0        0       13        0        4        0      147       88      103      104       89
        1        1        1        1        0        0       13        0        4        0      148      103      118      119      104
        1        1        1        1        0        0       13        0        4        0      149      118      133      134      119
        1        1        1        1        0        0       13        0        4        0      150      133      148      149      134
        1        1        1        1        0        0       13        0        4        0      151      148      163      164      149
        1        1        1        1        0        0       13        0        4        0      152      163      178      179      164
        1        1        1        1        0        0       13        0        4        0      153      178      193      194      179
        1        1        1        1        0        0       13        0        4        0      154      193      208      209      194
        1        1        1        1        0        0       13        0        4        0      155      208      223      224      209
        1        1        1        1        0        0       13        0        4        0      156      223      238      239      224
        1        1        1        1        0        0       13        0        4        0      157      238      253      254      239
        1        1        1        1        0        0       13        0        4        0      158      253      268      269      254
        1        1        1        1        0        0       13        0        4        0      159      268      283      284      269
        1        1        1        1        0        0       13        0        4        0      160      283       27       28      284
        1        1        1        1        0        0       13        0        4        0      161       55       74       75       54
        1        1        1        1        0        0       13        0        4        0      162       74       89       90       75
        1        1        1        1        0        0       13        0        4        0      163       89      104      105       90
        1        1        1        1        0        0       13        0        4        0      164      104      119      120      105
        1        1        1        1        0        0       13        0        4        0      165      119      134      135      120
        1        1        1        1        0        0       13        0        4        0      166      134      149      150      135
        1        1        1        1        0        0       13        0        4        0      167      149      164      165      150
        1        1        1        1        0        0       13        0        4        0      168      164      179      180      165
        1        1        1        1        0        0       13        0        4        0      169      179      194      195      180
        1        1        1        1        0        0       13        0        4        0      170      194      209      210      195
        1        1        1        1        0        0       13        0        4        0      171      209      224      225      210
        1        1        1        1        0        0       13        0        4        0      172      224      239      240      225
        1        1        1        1        0        0       13        0        4        0      173      239      254      255      240
        1        1        1        1        0        0       13        0        4        0      174      254      269      270      255
        1        1        1        1        0        0       13        0        4        0      175      269      284      285      270
        1        1        1        1        0        0       13        0        4        0      176      284       28       29      285
        1        1        1        1        0        0       13        0        4        0      177       54       75       76       53
        1        1        1        1        0        0       13        0        4        0      178       75       90       91       76
        1        1        1        1        0        0       13        0        4        0      179       90      105      106       91
        1        1        1        1        0        0       13        0        4        0      180      105      120      121      106
        1        1        1        1        0        0       13        0        4        0      181      120      135      136      121
        1        1        1        1        0        0       13        0        4        0      182      135      150      151      136
        1        1        1        1        0        0       13        0        4        0      183      150      165      166      151
        1        1        1        1        0        0       13        0        4        0      184      165      180      181      166
        1        1        1        1        0        0       13        0        4        0      185      180      195      196      181
        1        1        1        1        0        0       13        0        4        0      186      195      210      211      196
        1        1        1        1        0        0       13        0        4        0      187      210      225      226      211
        1        1        1        1        0        0       13        0        4        0      188      225      240      241      226
        1        1        1        1        0        0       13        0        4        0      189      240      255      256      241
        1        1        1        1        0        0       13        0        4        0      190      255      270      271      256
        1        1        1        1        0        0       13        0        4        0      191      270      285      286      271
        1        1        1        1        0        0       13        0        4        0      192      285       29       30      286
        1        1        1        1        0        0       13        0        4        0      193       53       76       77       52
        1        1        1        1        0        0       13        0        4        0      194       76       91       92       77
        1        1        1        1        0        0       13        0        4        0      195       91      106      107       92
        1        1        1        1        0        0       13        0        4        0      196      106      121      122      107
        1        1        1        1        0        0       13        0        4        0      197      121      136      137      122
        1        1        1        1        0        0       13        0        4        0      198      136      151      152      137
        1        1        1        1        0        0       13        0        4        0      199      151      166      167      152
        1        1        1        1        0        0       13        0        4        0      200      166      181      182      167
        1        1        1        1        0        0       13        0        4        0      201      181      196      197      182
        1        1        1        1        0        0       13        0        4        0      202      196      211      212      197
        1        1        1        1        0        0       13        0        4        0      203      211      226      227      212
        1        1        1        1        0        0       13        0        4        0      204      226      241      242      227
        1        1        1        1        0        0       13        0        4        0      205      241      256      257      242
        1        1        1        1        0        0       13        0        4        0      206      256      271      272      257
        1        1        1        1        0        0       13        0        4        0      207      271      286      287      272
        1        1        1        1        0        0       13        0        4        0      208      286       30       31      287
        1        1        1        1        0        0       13        0        4        0      209       52       77       78       51
        1        1        1        1        0        0       13        0        4        0      210       77       92       93       78
        1        1        1        1        0        0       13        0        4        0      211       92      107      108       93
        1        1        1        1        0        0       13        0        4        0      212      107      122      123      108
        1        1        1        1        0        0       13        0        4        0      213      122      137      138      123
        1        1        1        1        0        0       13        0        4        0      214      137      152      153      138
        1        1        1        1        0        0       13        0        4        0      215      152      167      168      153
        1        1        1        1        0        0       13        0        4        0      216      167      182      183      168
        1        1        1        1        0        0       13        0        4        0      217      182      197      198      183
        1        1        1        1        0        0       13        0        4        0      218      197      212      213      198
        1        1        1        1        0        0       13        0        4        0      219      212      227      228      213
        1        1        1        1        0        0       13        0        4        0      220      227      242      243      228
        1        1        1        1        0        0       13        0        4        0      221      242      257      258      243
        1        1        1        1        0        0       13        0        4        0      222      257      272      273      258
        1        1        1        1        0        0       13        0        4        0      223      272      287      288      273
        1        1        1        1        0        0       13        0        4        0      224      287       31       32      288
        1        1        1        1        0        0       13        0        4        0      225       51       78       79       50
        1        1        1        1        0        0       13        0        4        0      226       78       93       94       79
        1        1        1        1        0        0       13        0        4        0      227       93      108      109       94
        1        1        1        1        0        0       13        0        4        0      228      108      123      124      109
        1        1        1        1        0        0       13        0        4        0      229      123      138      139      124
        1        1        1        1        0        0       13        0        4        0      230      138      153      154      139
        1        1        1        1        0        0       13        0        4        0      231      153      168      169      154
        1        1        1        1        0        0       13        0        4        0      232      168      183      184      169
        1        1        1        1        0        0       13        0        4        0      233      183      198      199      184
        1        1        1        1        0        0       13        0        4        0      234      198      213      214      199
        1        1        1        1        0        0       13        0        4        0      235      213      228      229      214
        1        1        1        1        0        0       13        0        4        0      236      228      243      244      229
        1        1        1        1        0        0       13        0        4        0      237      243      258      259      244
        1        1        1        1        0        0       13        0        4        0      238      258      273      274      259
        1        1        1        1        0        0       13        0        4        0      239      273      288      289      274
        1        1        1        1        0        0       13        0        4        0      240      288       32       33      289
        1        1        1        1        0        0       13        0        4        0      241       50       79       49       34
        1        1        1        1        0        0       13        0        4        0      242       79       94       48       49
        1        1        1        1        0        0       13        0        4        0      243       94      109       47       48
        1        1        1        1        0        0       13        0        4        0      244      109      124       46       47
        1        1        1        1        0        0       13        0        4        0      245      124      139       45       46
        1        1        1        1        0        0       13        0        4        0      246      139      154       44       45
        1        1        1        1        0        0       13        0        4        0      247      154      169       43       44
        1        1        1        1        0        0       13        0        4        0      248      169      184       42       43
        1        1        1        1        0        0       13        0        4        0      249      184      199       41       42
        1        1        1        1        0        0       13        0        4        0      250      199      214       40       41
        1        1        1        1        0        0       13        0        4        0      251      214      229       39       40
        1        1        1        1        0        0       13        0        4        0      252      229      244       38       39
        1        1        1        1        0        0       13        0        4        0      253      244      259       37       38
        1        1        1        1        0        0       13        0        4        0      254      259      274       36       37
        1        1        1        1        0        0       13        0        4        0      255      274      289       35       36
        1        1        1        1        0        0       13        0        4        0      256      289       33       18       35
       -1
EN,R5.5,ATTR,       -1,
MPTEMP,R5.0, 1, 1,  0.00000000    ,
MPDATA,R5.0, 1,EX  ,       1, 1,  30000000.0    ,
MPTEMP,R5.0, 1, 1,  0.00000000    ,
MPDATA,R5.0, 1,PRXY,       1, 1, 0.300000000    ,
SECTYPE,      1,SHELL,    ,        
SECOFFSET,MID
SECBLOCK,      1
     0.100000,         1,     0.000000,         3
SECCONTROL,  0.0000    ,  0.0000    ,  0.0000    ,  0.0000    ,  1.0000    ,  1.0000    ,  1.0000    ,,,,,  0.0000    
EXTOPT,ATTR,      0,      0,      0
EXTOPT,ESIZE,  0,  0.0000    
EXTOPT,ACLEAR,      0
TREF,  0.00000000
IRLF,  0
BFUNIF,TEMP,_TINY
ACEL,  0.00000000    ,  0.00000000    ,  0.00000000
OMEGA,  0.00000000    ,  0.00000000    ,  0.00000000
DOMEGA,  0.00000000    ,  0.00000000    ,  0.00000000
CGLOC,  0.00000000    ,  0.00000000    ,  0.00000000
CGOMEGA,  0.00000000    ,  0.00000000    ,  0.00000000
DCGOMG,  0.00000000    ,  0.00000000    ,  0.00000000

KUSE,     0
TIME,  0.00000000
ALPHAD,  0.00000000
BETAD,  0.00000000
DMPRAT,  0.00000000





CRPLIM, 0.100000000    ,   0
CRPLIM,  0.00000000    ,   1
NCNV,     1,  0.00000000    ,     0,  0.00000000    ,  0.00000000

NEQIT,     0

ERESX,DEFA

D,      1,UX  ,  0.00000000    ,  0.00000000    
D,      1,UY  ,  0.00000000    ,  0.00000000    
D,      1,UZ  ,  0.00000000    ,  0.00000000    
D,      1,ROTX,  0.00000000    ,  0.00000000    
D,      1,ROTY,  0.00000000    ,  0.00000000    
D,      1,ROTZ,  0.00000000    ,  0.00000000    
D,     34,UX  ,  0.00000000    ,  0.00000000    
D,     34,UY  ,  0.00000000    ,  0.00000000    
D,     34,UZ  ,  0.00000000    ,  0.00000000    
D,     34,ROTX,  0.00000000    ,  0.00000000    
D,     34,ROTY,  0.00000000    ,  0.00000000    
D,     34,ROTZ,  0.00000000    ,  0.00000000    
D,     50,UX  ,  0.00000000    ,  0.00000000    
D,     50,UY  ,  0.00000000    ,  0.00000000    
D,     50,UZ  ,  0.00000000    ,  0.00000000    
D,     50,ROTX,  0.00000000    ,  0.00000000    
D,     50,ROTY,  0.00000000    ,  0.00000000    
D,     50,ROTZ,  0.00000000    ,  0.00000000    
D,     51,UX  ,  0.00000000    ,  0.00000000    
D,     51,UY  ,  0.00000000    ,  0.00000000    
D,     51,UZ  ,  0.00000000    ,  0.00000000    
D,     51,ROTX,  0.00000000    ,  0.00000000    
D,     51,ROTY,  0.00000000    ,  0.00000000    
D,     51,ROTZ,  0.00000000    ,  0.00000000    
D,     52,UX  ,  0.00000000    ,  0.00000000    
D,     52,UY  ,  0.00000000    ,  0.00000000    
D,     52,UZ  ,  0.00000000    ,  0.00000000    
D,     52,ROTX,  0.00000000    ,  0.00000000    
D,     52,ROTY,  0.00000000    ,  0.00000000    
D,     52,ROTZ,  0.00000000    ,  0.00000000    
D,     53,UX  ,  0.00000000    ,  0.00000000    
D,     53,UY  ,  0.00000000    ,  0.00000000    
D,     53,UZ  ,  0.00000000    ,  0.00000000    
D,     53,ROTX,  0.00000000    ,  0.00000000    
D,     53,ROTY,  0.00000000    ,  0.00000000    
D,     53,ROTZ,  0.00000000    ,  0.00000000    
D,     54,UX  ,  0.00000000    ,  0.00000000    
D,     54,UY  ,  0.00000000    ,  0.00000000    
D,     54,UZ  ,  0.00000000    ,  0.00000000    
D,     54,ROTX,  0.00000000    ,  0.00000000    
D,     54,ROTY,  0.00000000    ,  0.00000000    
D,     54,ROTZ,  0.00000000    ,  0.00000000    
D,     55,UX  ,  0.00000000    ,  0.00000000    
D,     55,UY  ,  0.00000000    ,  0.00000000    
D,     55,UZ  ,  0.00000000    ,  0.00000000    
D,     55,ROTX,  0.00000000    ,  0.00000000    
D,     55,ROTY,  0.00000000    ,  0.00000000    
D,     55,ROTZ,  0.00000000    ,  0.00000000    
D,     56,UX  ,  0.00000000    ,  0.00000000    
D,     56,UY  ,  0.00000000    ,  0.00000000    
D,     56,UZ  ,  0.00000000    ,  0.00000000    
D,     56,ROTX,  0.00000000    ,  0.00000000    
D,     56,ROTY,  0.00000000    ,  0.00000000    
D,     56,ROTZ,  0.00000000    ,  0.00000000    
D,     57,UX  ,  0.00000000    ,  0.00000000    
D,     57,UY  ,  0.00000000    ,  0.00000000    
D,     57,UZ  ,  0.00000000    ,  0.00000000    
D,     57,ROTX,  0.00000000    ,  0.00000000    
D,     57,ROTY,  0.00000000    ,  0.00000000    
D,     57,ROTZ,  0.00000000    ,  0.00000000    
D,     58,UX  ,  0.00000000    ,  0.00000000    
D,     58,UY  ,  0.00000000    ,  0.00000000    
D,     58,UZ  ,  0.00000000    ,  0.00000000    
D,     58,ROTX,  0.00000000    ,  0.00000000    
D,     58,ROTY,  0.00000000    ,  0.00000000    
D,     58,ROTZ,  0.00000000    ,  0.00000000    
D,     59,UX  ,  0.00000000    ,  0.00000000    
D,     59,UY  ,  0.00000000    ,  0.00000000    
D,     59,UZ  ,  0.00000000    ,  0.00000000    
D,     59,ROTX,  0.00000000    ,  0.00000000    
D,     59,ROTY,  0.00000000    ,  0.00000000    
D,     59,ROTZ,  0.00000000    ,  0.00000000    
D,     60,UX  ,  0.00000000    ,  0.00000000    
D,     60,UY  ,  0.00000000    ,  0.00000000    
D,     60,UZ  ,  0.00000000    ,  0.00000000    
D,     60,ROTX,  0.00000000    ,  0.00000000    
D,     60,ROTY,  0.00000000    ,  0.00000000    
D,     60,ROTZ,  0.00000000    ,  0.00000000    
D,     61,UX  ,  0.00000000    ,  0.00000000    
D,     61,UY  ,  0.00000000    ,  0.00000000    
D,     61,UZ  ,  0.00000000    ,  0.00000000    
D,     61,ROTX,  0.00000000    ,  0.00000000    
D,     61,ROTY,  0.00000000    ,  0.00000000    
D,     61,ROTZ,  0.00000000    ,  0.00000000    
D,     62,UX  ,  0.00000000    ,  0.00000000    
D,     62,UY  ,  0.00000000    ,  0.00000000    
D,     62,UZ  ,  0.00000000    ,  0.00000000    
D,     62,ROTX,  0.00000000    ,  0.00000000    
D,     62,ROTY,  0.00000000    ,  0.00000000    
D,     62,ROTZ,  0.00000000    ,  0.00000000    
D,     63,UX  ,  0.00000000    ,  0.00000000    
D,     63,UY  ,  0.00000000    ,  0.00000000    
D,     63,UZ  ,  0.00000000    ,  0.00000000    
D,     63,ROTX,  0.00000000    ,  0.00000000    
D,     63,ROTY,  0.00000000    ,  0.00000000    
D,     63,ROTZ,  0.00000000    ,  0.00000000    
D,     64,UX  ,  0.00000000    ,  0.00000000    
D,     64,UY  ,  0.00000000    ,  0.00000000    
D,     64,UZ  ,  0.00000000    ,  0.00000000    
D,     64,ROTX,  0.00000000    ,  0.00000000    
D,     64,ROTY,  0.00000000    ,  0.00000000    
D,     64,ROTZ,  0.00000000    ,  0.00000000    
F,      2,FZ  , -2.50000000    ,  0.00000000    
F,     18,FZ  , -2.50000000    ,  0.00000000    
F,     19,FZ  , -5.00000000    ,  0.00000000    
F,     20,FZ  , -5.00000000    ,  0.00000000    
F,     21,FZ  , -5.00000000    ,  0.00000000    
F,     22,FZ  , -5.00000000    ,  0.00000000    
F,     23,FZ  , -5.00000000    ,  0.00000000    
F,     24,FZ  , -5.00000000    ,  0.00000000    
F,     25,FZ  , -5.00000000    ,  0.00000000    
F,     26,FZ  , -5.00000000    ,  0.00000000    
F,     27,FZ  , -5.00000000    ,  0.00000000    
F,     28,FZ  , -5.00000000    ,  0.00000000    
F,     29,FZ  , -5.00000000    ,  0.00000000    
F,     30,FZ  , -5.00000000    ,  0.00000000    
F,     31,FZ  , -5.00000000    ,  0.00000000    
F,     32,FZ  , -5.00000000    ,  0.00000000    
F,     33,FZ  , -5.00000000    ,  0.00000000    
/GO
FINISH
