quadrelement for Stap90
    9    1    1    1    3
    1    1    1    1       0.0       0.0       0.0    0
    2    0    0    1       1.0      0.25       0.0    0
    3    0    0    1       2.0       0.5       0.0    0
    4    1    1    1       0.0       0.5       0.0    0
    5    0    0    1       1.0     0.625       0.0    0
    6    0    0    1       2.0      0.75       0.0    0
    7    1    1    1       0.0       1.0       0.0    0
    8    0    0    1       1.0       1.0       0.0    0
    9    0    0    1       2.0       1.0       0.0    0
    1    3
    7    2       -10
    8    2       -20
    9    2       -10
    2    4    1    2
    1       3.0E7        0.3         1.0 
    1    1    2    5    4    1    0
    2    2    3    6    5    1    0
    3    4    5    8    7    1    0
    4    5    6    9    8    1    0
