8H test 2 element
   12    1    1    1    3
    1    1    1    1       0.0       0.0       0.0
    2    1    1    1       0.0       1.0       0.0
    3    1    1    1       0.0       1.0       1.0
    4    1    1    1       0.0       0.0       1.0
    5    0    0    0       2.0       0.0       0.0
    6    0    0    0       2.0       1.0       0.0
    7    0    0    0       2.0       1.0       1.0
    8    0    0    0       2.0       0.0       1.0
    9    0    0    0       4.0       0.0       0.0
   10    0    0    0       4.0       1.0       0.0
   11    0    0    0       4.0       1.0       1.0
   12    0    0    0       4.0       0.0       1.0
    1    4
    9    1       1E4
   10    1       1E4
   11    1       1E4
   12    1       1E4
    4    2    1    0    2    8
    1       3e2       0.3       
    1    1    2    3    4    5    6    7    8    1
    2    5    6    7    8    9   10   11   12    1