4Q TEST 4 elements
    9    1    1    1    3
    1    0    0    1     2.000     1.000         0
    2    1    1    1         0     1.000         0
    3    0    0    1     1.000     1.000         0
    4    1    1    1         0         0         0
    5    1    1    1         0     0.500         0
    6    0    0    1     2.000     0.500         0
    7    0    0    1     1.000     0.250         0
    8    0    0    1     2.000     0.750         0
    9    0    0    1     1.000     0.625         0
    1    3
    1    2     -50.0
    2    2     -50.0
    3    2    -100.0
    2    4    1    2
    1      1E10       0.3       1.0
    1    1    3    9    8    1
    2    3    2    5    9    1
    3    8    9    7    6    1
    4    9    5    4    7    1