                                                                        IAMTHREE
  440    1    1    1    3
    1    1    1    1   2.00000   0.00000   0.00000
    2    1    1    1   0.00000   2.00000   0.00000
    3    1    1    1   1.97538   0.31287   0.00000
    4    1    1    1   1.90211   0.61803   0.00000
    5    1    1    1   1.78201   0.90798   0.00000
    6    1    1    1   1.61803   1.17557   0.00000
    7    1    1    1   1.41421   1.41421   0.00000
    8    1    1    1   1.17557   1.61803   0.00000
    9    1    1    1   0.90798   1.78201   0.00000
   10    1    1    1   0.61803   1.90211   0.00000
   11    1    1    1   0.31287   1.97538   0.00000
   12    0    0    1   0.00000   1.00000   0.00000
   13    0    0    1   0.00000   1.10000   0.00000
   14    0    0    1   0.00000   1.20000   0.00000
   15    0    0    1   0.00000   1.30000   0.00000
   16    0    0    1   0.00000   1.40000   0.00000
   17    0    0    1   0.00000   1.50000   0.00000
   18    0    0    1   0.00000   1.60000   0.00000
   19    0    0    1   0.00000   1.70000   0.00000
   20    0    0    1   0.00000   1.80000   0.00000
   21    0    0    1   0.00000   1.90000   0.00000
   22    0    0    1   1.00000   0.00000   0.00000
   23    0    0    1   0.98769   0.15643   0.00000
   24    0    0    1   0.95106   0.30902   0.00000
   25    0    0    1   0.89101   0.45399   0.00000
   26    0    0    1   0.80902   0.58779   0.00000
   27    0    0    1   0.70711   0.70711   0.00000
   28    0    0    1   0.58779   0.80902   0.00000
   29    0    0    1   0.45399   0.89101   0.00000
   30    0    0    1   0.30902   0.95106   0.00000
   31    0    0    1   0.15643   0.98769   0.00000
   32    0    0    1   1.10000   0.00000   0.00000
   33    0    0    1   1.20000   0.00000   0.00000
   34    0    0    1   1.30000   0.00000   0.00000
   35    0    0    1   1.40000   0.00000   0.00000
   36    0    0    1   1.50000   0.00000   0.00000
   37    0    0    1   1.60000   0.00000   0.00000
   38    0    0    1   1.70000   0.00000   0.00000
   39    0    0    1   1.80000   0.00000   0.00000
   40    0    0    1   1.90000   0.00000   0.00000
   41    0    0    1   1.87661   0.29723   0.00000
   42    0    0    1   1.77784   0.28158   0.00000
   43    0    0    1   1.67907   0.26594   0.00000
   44    0    0    1   1.58030   0.25030   0.00000
   45    0    0    1   1.48153   0.23465   0.00000
   46    0    0    1   1.38276   0.21901   0.00000
   47    0    0    1   1.28399   0.20336   0.00000
   48    0    0    1   1.18523   0.18772   0.00000
   49    0    0    1   1.08646   0.17208   0.00000
   50    0    0    1   1.80701   0.58713   0.00000
   51    0    0    1   1.71190   0.55623   0.00000
   52    0    0    1   1.61680   0.52533   0.00000
   53    0    0    1   1.52169   0.49443   0.00000
   54    0    0    1   1.42658   0.46353   0.00000
   55    0    0    1   1.33148   0.43262   0.00000
   56    0    0    1   1.23637   0.40172   0.00000
   57    0    0    1   1.14127   0.37082   0.00000
   58    0    0    1   1.04616   0.33992   0.00000
   59    0    0    1   1.69291   0.86258   0.00000
   60    0    0    1   1.60381   0.81718   0.00000
   61    0    0    1   1.51471   0.77178   0.00000
   62    0    0    1   1.42561   0.72638   0.00000
   63    0    0    1   1.33651   0.68099   0.00000
   64    0    0    1   1.24741   0.63559   0.00000
   65    0    0    1   1.15831   0.59019   0.00000
   66    0    0    1   1.06921   0.54479   0.00000
   67    0    0    1   0.98011   0.49939   0.00000
   68    0    0    1   1.53713   1.11679   0.00000
   69    0    0    1   1.45623   1.05801   0.00000
   70    0    0    1   1.37533   0.99923   0.00000
   71    0    0    1   1.29443   0.94046   0.00000
   72    0    0    1   1.21353   0.88168   0.00000
   73    0    0    1   1.13262   0.82290   0.00000
   74    0    0    1   1.05172   0.76412   0.00000
   75    0    0    1   0.97082   0.70534   0.00000
   76    0    0    1   0.88992   0.64656   0.00000
   77    0    0    1   1.34350   1.34350   0.00000
   78    0    0    1   1.27279   1.27279   0.00000
   79    0    0    1   1.20208   1.20208   0.00000
   80    0    0    1   1.13137   1.13137   0.00000
   81    0    0    1   1.06066   1.06066   0.00000
   82    0    0    1   0.98995   0.98995   0.00000
   83    0    0    1   0.91924   0.91924   0.00000
   84    0    0    1   0.84853   0.84853   0.00000
   85    0    0    1   0.77782   0.77782   0.00000
   86    0    0    1   1.11679   1.53713   0.00000
   87    0    0    1   1.05801   1.45623   0.00000
   88    0    0    1   0.99923   1.37533   0.00000
   89    0    0    1   0.94046   1.29443   0.00000
   90    0    0    1   0.88168   1.21353   0.00000
   91    0    0    1   0.82290   1.13262   0.00000
   92    0    0    1   0.76412   1.05172   0.00000
   93    0    0    1   0.70534   0.97082   0.00000
   94    0    0    1   0.64656   0.88992   0.00000
   95    0    0    1   0.86258   1.69291   0.00000
   96    0    0    1   0.81718   1.60381   0.00000
   97    0    0    1   0.77178   1.51471   0.00000
   98    0    0    1   0.72638   1.42561   0.00000
   99    0    0    1   0.68099   1.33651   0.00000
  100    0    0    1   0.63559   1.24741   0.00000
  101    0    0    1   0.59019   1.15831   0.00000
  102    0    0    1   0.54479   1.06921   0.00000
  103    0    0    1   0.49939   0.98011   0.00000
  104    0    0    1   0.58713   1.80701   0.00000
  105    0    0    1   0.55623   1.71190   0.00000
  106    0    0    1   0.52533   1.61680   0.00000
  107    0    0    1   0.49443   1.52169   0.00000
  108    0    0    1   0.46353   1.42658   0.00000
  109    0    0    1   0.43262   1.33148   0.00000
  110    0    0    1   0.40172   1.23637   0.00000
  111    0    0    1   0.37082   1.14127   0.00000
  112    0    0    1   0.33992   1.04616   0.00000
  113    0    0    1   0.29723   1.87661   0.00000
  114    0    0    1   0.28158   1.77784   0.00000
  115    0    0    1   0.26594   1.67907   0.00000
  116    0    0    1   0.25030   1.58030   0.00000
  117    0    0    1   0.23465   1.48153   0.00000
  118    0    0    1   0.21901   1.38276   0.00000
  119    0    0    1   0.20336   1.28399   0.00000
  120    0    0    1   0.18772   1.18523   0.00000
  121    0    0    1   0.17208   1.08646   0.00000
  122    1    1    1  -2.00000   0.00000   0.00000
  123    1    1    1  -0.31287   1.97538   0.00000
  124    1    1    1  -0.61803   1.90211   0.00000
  125    1    1    1  -0.90798   1.78201   0.00000
  126    1    1    1  -1.17557   1.61803   0.00000
  127    1    1    1  -1.41421   1.41421   0.00000
  128    1    1    1  -1.61803   1.17557   0.00000
  129    1    1    1  -1.78201   0.90798   0.00000
  130    1    1    1  -1.90211   0.61803   0.00000
  131    1    1    1  -1.97538   0.31287   0.00000
  132    0    0    1  -1.00000   0.00000   0.00000
  133    0    0    1  -1.10000   0.00000   0.00000
  134    0    0    1  -1.20000   0.00000   0.00000
  135    0    0    1  -1.30000   0.00000   0.00000
  136    0    0    1  -1.40000   0.00000   0.00000
  137    0    0    1  -1.50000   0.00000   0.00000
  138    0    0    1  -1.60000   0.00000   0.00000
  139    0    0    1  -1.70000   0.00000   0.00000
  140    0    0    1  -1.80000   0.00000   0.00000
  141    0    0    1  -1.90000   0.00000   0.00000
  142    0    0    1  -0.15643   0.98769   0.00000
  143    0    0    1  -0.30902   0.95106   0.00000
  144    0    0    1  -0.45399   0.89101   0.00000
  145    0    0    1  -0.58779   0.80902   0.00000
  146    0    0    1  -0.70711   0.70711   0.00000
  147    0    0    1  -0.80902   0.58779   0.00000
  148    0    0    1  -0.89101   0.45399   0.00000
  149    0    0    1  -0.95106   0.30902   0.00000
  150    0    0    1  -0.98769   0.15643   0.00000
  151    0    0    1  -0.29723   1.87661   0.00000
  152    0    0    1  -0.28158   1.77784   0.00000
  153    0    0    1  -0.26594   1.67907   0.00000
  154    0    0    1  -0.25030   1.58030   0.00000
  155    0    0    1  -0.23465   1.48153   0.00000
  156    0    0    1  -0.21901   1.38276   0.00000
  157    0    0    1  -0.20336   1.28399   0.00000
  158    0    0    1  -0.18772   1.18523   0.00000
  159    0    0    1  -0.17208   1.08646   0.00000
  160    0    0    1  -0.58713   1.80701   0.00000
  161    0    0    1  -0.55623   1.71190   0.00000
  162    0    0    1  -0.52533   1.61680   0.00000
  163    0    0    1  -0.49443   1.52169   0.00000
  164    0    0    1  -0.46353   1.42658   0.00000
  165    0    0    1  -0.43262   1.33148   0.00000
  166    0    0    1  -0.40172   1.23637   0.00000
  167    0    0    1  -0.37082   1.14127   0.00000
  168    0    0    1  -0.33992   1.04616   0.00000
  169    0    0    1  -0.86258   1.69291   0.00000
  170    0    0    1  -0.81718   1.60381   0.00000
  171    0    0    1  -0.77178   1.51471   0.00000
  172    0    0    1  -0.72638   1.42561   0.00000
  173    0    0    1  -0.68099   1.33651   0.00000
  174    0    0    1  -0.63559   1.24741   0.00000
  175    0    0    1  -0.59019   1.15831   0.00000
  176    0    0    1  -0.54479   1.06921   0.00000
  177    0    0    1  -0.49939   0.98011   0.00000
  178    0    0    1  -1.11679   1.53713   0.00000
  179    0    0    1  -1.05801   1.45623   0.00000
  180    0    0    1  -0.99923   1.37533   0.00000
  181    0    0    1  -0.94046   1.29443   0.00000
  182    0    0    1  -0.88168   1.21353   0.00000
  183    0    0    1  -0.82290   1.13262   0.00000
  184    0    0    1  -0.76412   1.05172   0.00000
  185    0    0    1  -0.70534   0.97082   0.00000
  186    0    0    1  -0.64656   0.88992   0.00000
  187    0    0    1  -1.34350   1.34350   0.00000
  188    0    0    1  -1.27279   1.27279   0.00000
  189    0    0    1  -1.20208   1.20208   0.00000
  190    0    0    1  -1.13137   1.13137   0.00000
  191    0    0    1  -1.06066   1.06066   0.00000
  192    0    0    1  -0.98995   0.98995   0.00000
  193    0    0    1  -0.91924   0.91924   0.00000
  194    0    0    1  -0.84853   0.84853   0.00000
  195    0    0    1  -0.77782   0.77782   0.00000
  196    0    0    1  -1.53713   1.11679   0.00000
  197    0    0    1  -1.45623   1.05801   0.00000
  198    0    0    1  -1.37533   0.99923   0.00000
  199    0    0    1  -1.29443   0.94046   0.00000
  200    0    0    1  -1.21353   0.88168   0.00000
  201    0    0    1  -1.13262   0.82290   0.00000
  202    0    0    1  -1.05172   0.76412   0.00000
  203    0    0    1  -0.97082   0.70534   0.00000
  204    0    0    1  -0.88992   0.64656   0.00000
  205    0    0    1  -1.69291   0.86258   0.00000
  206    0    0    1  -1.60381   0.81718   0.00000
  207    0    0    1  -1.51471   0.77178   0.00000
  208    0    0    1  -1.42561   0.72638   0.00000
  209    0    0    1  -1.33651   0.68099   0.00000
  210    0    0    1  -1.24741   0.63559   0.00000
  211    0    0    1  -1.15831   0.59019   0.00000
  212    0    0    1  -1.06921   0.54479   0.00000
  213    0    0    1  -0.98011   0.49939   0.00000
  214    0    0    1  -1.80701   0.58713   0.00000
  215    0    0    1  -1.71190   0.55623   0.00000
  216    0    0    1  -1.61680   0.52533   0.00000
  217    0    0    1  -1.52169   0.49443   0.00000
  218    0    0    1  -1.42658   0.46353   0.00000
  219    0    0    1  -1.33148   0.43262   0.00000
  220    0    0    1  -1.23637   0.40172   0.00000
  221    0    0    1  -1.14127   0.37082   0.00000
  222    0    0    1  -1.04616   0.33992   0.00000
  223    0    0    1  -1.87661   0.29723   0.00000
  224    0    0    1  -1.77784   0.28158   0.00000
  225    0    0    1  -1.67907   0.26594   0.00000
  226    0    0    1  -1.58030   0.25030   0.00000
  227    0    0    1  -1.48153   0.23465   0.00000
  228    0    0    1  -1.38276   0.21901   0.00000
  229    0    0    1  -1.28399   0.20336   0.00000
  230    0    0    1  -1.18523   0.18772   0.00000
  231    0    0    1  -1.08646   0.17208   0.00000
  232    1    1    1   0.00000  -2.00000   0.00000
  233    1    1    1  -1.97538  -0.31287   0.00000
  234    1    1    1  -1.90211  -0.61803   0.00000
  235    1    1    1  -1.78201  -0.90798   0.00000
  236    1    1    1  -1.61803  -1.17557   0.00000
  237    1    1    1  -1.41421  -1.41421   0.00000
  238    1    1    1  -1.17557  -1.61803   0.00000
  239    1    1    1  -0.90798  -1.78201   0.00000
  240    1    1    1  -0.61803  -1.90211   0.00000
  241    1    1    1  -0.31287  -1.97538   0.00000
  242    0    0    1   0.00000  -1.00000   0.00000
  243    0    0    1   0.00000  -1.10000   0.00000
  244    0    0    1   0.00000  -1.20000   0.00000
  245    0    0    1   0.00000  -1.30000   0.00000
  246    0    0    1   0.00000  -1.40000   0.00000
  247    0    0    1   0.00000  -1.50000   0.00000
  248    0    0    1   0.00000  -1.60000   0.00000
  249    0    0    1   0.00000  -1.70000   0.00000
  250    0    0    1   0.00000  -1.80000   0.00000
  251    0    0    1   0.00000  -1.90000   0.00000
  252    0    0    1  -0.98769  -0.15643   0.00000
  253    0    0    1  -0.95106  -0.30902   0.00000
  254    0    0    1  -0.89101  -0.45399   0.00000
  255    0    0    1  -0.80902  -0.58779   0.00000
  256    0    0    1  -0.70711  -0.70711   0.00000
  257    0    0    1  -0.58779  -0.80902   0.00000
  258    0    0    1  -0.45399  -0.89101   0.00000
  259    0    0    1  -0.30902  -0.95106   0.00000
  260    0    0    1  -0.15643  -0.98769   0.00000
  261    0    0    1  -1.87661  -0.29723   0.00000
  262    0    0    1  -1.77784  -0.28158   0.00000
  263    0    0    1  -1.67907  -0.26594   0.00000
  264    0    0    1  -1.58030  -0.25030   0.00000
  265    0    0    1  -1.48153  -0.23465   0.00000
  266    0    0    1  -1.38276  -0.21901   0.00000
  267    0    0    1  -1.28399  -0.20336   0.00000
  268    0    0    1  -1.18523  -0.18772   0.00000
  269    0    0    1  -1.08646  -0.17208   0.00000
  270    0    0    1  -1.80701  -0.58713   0.00000
  271    0    0    1  -1.71190  -0.55623   0.00000
  272    0    0    1  -1.61680  -0.52533   0.00000
  273    0    0    1  -1.52169  -0.49443   0.00000
  274    0    0    1  -1.42658  -0.46353   0.00000
  275    0    0    1  -1.33148  -0.43262   0.00000
  276    0    0    1  -1.23637  -0.40172   0.00000
  277    0    0    1  -1.14127  -0.37082   0.00000
  278    0    0    1  -1.04616  -0.33992   0.00000
  279    0    0    1  -1.69291  -0.86258   0.00000
  280    0    0    1  -1.60381  -0.81718   0.00000
  281    0    0    1  -1.51471  -0.77178   0.00000
  282    0    0    1  -1.42561  -0.72638   0.00000
  283    0    0    1  -1.33651  -0.68099   0.00000
  284    0    0    1  -1.24741  -0.63559   0.00000
  285    0    0    1  -1.15831  -0.59019   0.00000
  286    0    0    1  -1.06921  -0.54479   0.00000
  287    0    0    1  -0.98011  -0.49939   0.00000
  288    0    0    1  -1.53713  -1.11679   0.00000
  289    0    0    1  -1.45623  -1.05801   0.00000
  290    0    0    1  -1.37533  -0.99923   0.00000
  291    0    0    1  -1.29443  -0.94046   0.00000
  292    0    0    1  -1.21353  -0.88168   0.00000
  293    0    0    1  -1.13262  -0.82290   0.00000
  294    0    0    1  -1.05172  -0.76412   0.00000
  295    0    0    1  -0.97082  -0.70534   0.00000
  296    0    0    1  -0.88992  -0.64656   0.00000
  297    0    0    1  -1.34350  -1.34350   0.00000
  298    0    0    1  -1.27279  -1.27279   0.00000
  299    0    0    1  -1.20208  -1.20208   0.00000
  300    0    0    1  -1.13137  -1.13137   0.00000
  301    0    0    1  -1.06066  -1.06066   0.00000
  302    0    0    1  -0.98995  -0.98995   0.00000
  303    0    0    1  -0.91924  -0.91924   0.00000
  304    0    0    1  -0.84853  -0.84853   0.00000
  305    0    0    1  -0.77782  -0.77782   0.00000
  306    0    0    1  -1.11679  -1.53713   0.00000
  307    0    0    1  -1.05801  -1.45623   0.00000
  308    0    0    1  -0.99923  -1.37533   0.00000
  309    0    0    1  -0.94046  -1.29443   0.00000
  310    0    0    1  -0.88168  -1.21353   0.00000
  311    0    0    1  -0.82290  -1.13262   0.00000
  312    0    0    1  -0.76412  -1.05172   0.00000
  313    0    0    1  -0.70534  -0.97082   0.00000
  314    0    0    1  -0.64656  -0.88992   0.00000
  315    0    0    1  -0.86258  -1.69291   0.00000
  316    0    0    1  -0.81718  -1.60381   0.00000
  317    0    0    1  -0.77178  -1.51471   0.00000
  318    0    0    1  -0.72638  -1.42561   0.00000
  319    0    0    1  -0.68099  -1.33651   0.00000
  320    0    0    1  -0.63559  -1.24741   0.00000
  321    0    0    1  -0.59019  -1.15831   0.00000
  322    0    0    1  -0.54479  -1.06921   0.00000
  323    0    0    1  -0.49939  -0.98011   0.00000
  324    0    0    1  -0.58713  -1.80701   0.00000
  325    0    0    1  -0.55623  -1.71190   0.00000
  326    0    0    1  -0.52533  -1.61680   0.00000
  327    0    0    1  -0.49443  -1.52169   0.00000
  328    0    0    1  -0.46353  -1.42658   0.00000
  329    0    0    1  -0.43262  -1.33148   0.00000
  330    0    0    1  -0.40172  -1.23637   0.00000
  331    0    0    1  -0.37082  -1.14127   0.00000
  332    0    0    1  -0.33992  -1.04616   0.00000
  333    0    0    1  -0.29723  -1.87661   0.00000
  334    0    0    1  -0.28158  -1.77784   0.00000
  335    0    0    1  -0.26594  -1.67907   0.00000
  336    0    0    1  -0.25030  -1.58030   0.00000
  337    0    0    1  -0.23465  -1.48153   0.00000
  338    0    0    1  -0.21901  -1.38276   0.00000
  339    0    0    1  -0.20336  -1.28399   0.00000
  340    0    0    1  -0.18772  -1.18523   0.00000
  341    0    0    1  -0.17208  -1.08646   0.00000
  342    1    1    1   0.31287  -1.97538   0.00000
  343    1    1    1   0.61803  -1.90211   0.00000
  344    1    1    1   0.90798  -1.78201   0.00000
  345    1    1    1   1.17557  -1.61803   0.00000
  346    1    1    1   1.41421  -1.41421   0.00000
  347    1    1    1   1.61803  -1.17557   0.00000
  348    1    1    1   1.78201  -0.90798   0.00000
  349    1    1    1   1.90211  -0.61803   0.00000
  350    1    1    1   1.97538  -0.31287   0.00000
  351    0    0    1   0.15643  -0.98769   0.00000
  352    0    0    1   0.30902  -0.95106   0.00000
  353    0    0    1   0.45399  -0.89101   0.00000
  354    0    0    1   0.58779  -0.80902   0.00000
  355    0    0    1   0.70711  -0.70711   0.00000
  356    0    0    1   0.80902  -0.58779   0.00000
  357    0    0    1   0.89101  -0.45399   0.00000
  358    0    0    1   0.95106  -0.30902   0.00000
  359    0    0    1   0.98769  -0.15643   0.00000
  360    0    0    1   0.29723  -1.87661   0.00000
  361    0    0    1   0.28158  -1.77784   0.00000
  362    0    0    1   0.26594  -1.67907   0.00000
  363    0    0    1   0.25030  -1.58030   0.00000
  364    0    0    1   0.23465  -1.48153   0.00000
  365    0    0    1   0.21901  -1.38276   0.00000
  366    0    0    1   0.20336  -1.28399   0.00000
  367    0    0    1   0.18772  -1.18523   0.00000
  368    0    0    1   0.17208  -1.08646   0.00000
  369    0    0    1   0.58713  -1.80701   0.00000
  370    0    0    1   0.55623  -1.71190   0.00000
  371    0    0    1   0.52533  -1.61680   0.00000
  372    0    0    1   0.49443  -1.52169   0.00000
  373    0    0    1   0.46353  -1.42658   0.00000
  374    0    0    1   0.43262  -1.33148   0.00000
  375    0    0    1   0.40172  -1.23637   0.00000
  376    0    0    1   0.37082  -1.14127   0.00000
  377    0    0    1   0.33992  -1.04616   0.00000
  378    0    0    1   0.86258  -1.69291   0.00000
  379    0    0    1   0.81718  -1.60381   0.00000
  380    0    0    1   0.77178  -1.51471   0.00000
  381    0    0    1   0.72638  -1.42561   0.00000
  382    0    0    1   0.68099  -1.33651   0.00000
  383    0    0    1   0.63559  -1.24741   0.00000
  384    0    0    1   0.59019  -1.15831   0.00000
  385    0    0    1   0.54479  -1.06921   0.00000
  386    0    0    1   0.49939  -0.98011   0.00000
  387    0    0    1   1.11679  -1.53713   0.00000
  388    0    0    1   1.05801  -1.45623   0.00000
  389    0    0    1   0.99923  -1.37533   0.00000
  390    0    0    1   0.94046  -1.29443   0.00000
  391    0    0    1   0.88168  -1.21353   0.00000
  392    0    0    1   0.82290  -1.13262   0.00000
  393    0    0    1   0.76412  -1.05172   0.00000
  394    0    0    1   0.70534  -0.97082   0.00000
  395    0    0    1   0.64656  -0.88992   0.00000
  396    0    0    1   1.34350  -1.34350   0.00000
  397    0    0    1   1.27279  -1.27279   0.00000
  398    0    0    1   1.20208  -1.20208   0.00000
  399    0    0    1   1.13137  -1.13137   0.00000
  400    0    0    1   1.06066  -1.06066   0.00000
  401    0    0    1   0.98995  -0.98995   0.00000
  402    0    0    1   0.91924  -0.91924   0.00000
  403    0    0    1   0.84853  -0.84853   0.00000
  404    0    0    1   0.77782  -0.77782   0.00000
  405    0    0    1   1.53713  -1.11679   0.00000
  406    0    0    1   1.45623  -1.05801   0.00000
  407    0    0    1   1.37533  -0.99923   0.00000
  408    0    0    1   1.29443  -0.94046   0.00000
  409    0    0    1   1.21353  -0.88168   0.00000
  410    0    0    1   1.13262  -0.82290   0.00000
  411    0    0    1   1.05172  -0.76412   0.00000
  412    0    0    1   0.97082  -0.70534   0.00000
  413    0    0    1   0.88992  -0.64656   0.00000
  414    0    0    1   1.69291  -0.86258   0.00000
  415    0    0    1   1.60381  -0.81718   0.00000
  416    0    0    1   1.51471  -0.77178   0.00000
  417    0    0    1   1.42561  -0.72638   0.00000
  418    0    0    1   1.33651  -0.68099   0.00000
  419    0    0    1   1.24741  -0.63559   0.00000
  420    0    0    1   1.15831  -0.59019   0.00000
  421    0    0    1   1.06921  -0.54479   0.00000
  422    0    0    1   0.98011  -0.49939   0.00000
  423    0    0    1   1.80701  -0.58713   0.00000
  424    0    0    1   1.71190  -0.55623   0.00000
  425    0    0    1   1.61680  -0.52533   0.00000
  426    0    0    1   1.52169  -0.49443   0.00000
  427    0    0    1   1.42658  -0.46353   0.00000
  428    0    0    1   1.33148  -0.43262   0.00000
  429    0    0    1   1.23637  -0.40172   0.00000
  430    0    0    1   1.14127  -0.37082   0.00000
  431    0    0    1   1.04616  -0.33992   0.00000
  432    0    0    1   1.87661  -0.29723   0.00000
  433    0    0    1   1.77784  -0.28158   0.00000
  434    0    0    1   1.67907  -0.26594   0.00000
  435    0    0    1   1.58030  -0.25030   0.00000
  436    0    0    1   1.48153  -0.23465   0.00000
  437    0    0    1   1.38276  -0.21901   0.00000
  438    0    0    1   1.28399  -0.20336   0.00000
  439    0    0    1   1.18523  -0.18772   0.00000
  440    0    0    1   1.08646  -0.17208   0.00000
    1   80
   12    1       -0.
   12    2    15643.
   22    1    15643.
   22    2        0.
   23    1    15451.
   23    2     2447.
   24    1    14878.
   24    2     4834.
   25    1    13938.
   25    2     7102.
   26    1    12656.
   26    2     9195.
   27    1    11062.
   27    2    11062.
   28    1     9195.
   28    2    12656.
   29    1     7102.
   29    2    13938.
   30    1     4834.
   30    2    14878.
   31    1     2447.
   31    2    15451.
  132    1   -15643.
  132    2       -0.
  142    1    -2447.
  142    2    15451.
  143    1    -4834.
  143    2    14878.
  144    1    -7102.
  144    2    13938.
  145    1    -9195.
  145    2    12656.
  146    1   -11062.
  146    2    11062.
  147    1   -12656.
  147    2     9195.
  148    1   -13938.
  148    2     7102.
  149    1   -14878.
  149    2     4834.
  150    1   -15451.
  150    2     2447.
  242    1        0.
  242    2   -15643.
  252    1   -15451.
  252    2    -2447.
  253    1   -14878.
  253    2    -4834.
  254    1   -13938.
  254    2    -7102.
  255    1   -12656.
  255    2    -9195.
  256    1   -11062.
  256    2   -11062.
  257    1    -9195.
  257    2   -12656.
  258    1    -7102.
  258    2   -13938.
  259    1    -4834.
  259    2   -14878.
  260    1    -2447.
  260    2   -15451.
  351    1     2447.
  351    2   -15451.
  352    1     4834.
  352    2   -14878.
  353    1     7102.
  353    2   -13938.
  354    1     9195.
  354    2   -12656.
  355    1    11062.
  355    2   -11062.
  356    1    12656.
  356    2    -9195.
  357    1    13938.
  357    2    -7102.
  358    1    14878.
  358    2    -4834.
  359    1    15451.
  359    2    -2447.
    2  400    1    1    2    2
    1 0.100E+11   0.30000   0.30000
    1    1    3   41   40    1
    2    3    4   50   41    1
    3    4    5   59   50    1
    4    5    6   68   59    1
    5    6    7   77   68    1
    6    7    8   86   77    1
    7    8    9   95   86    1
    8    9   10  104   95    1
    9   10   11  113  104    1
   10   11    2   21  113    1
   11   40   41   42   39    1
   12   41   50   51   42    1
   13   50   59   60   51    1
   14   59   68   69   60    1
   15   68   77   78   69    1
   16   77   86   87   78    1
   17   86   95   96   87    1
   18   95  104  105   96    1
   19  104  113  114  105    1
   20  113   21   20  114    1
   21   39   42   43   38    1
   22   42   51   52   43    1
   23   51   60   61   52    1
   24   60   69   70   61    1
   25   69   78   79   70    1
   26   78   87   88   79    1
   27   87   96   97   88    1
   28   96  105  106   97    1
   29  105  114  115  106    1
   30  114   20   19  115    1
   31   38   43   44   37    1
   32   43   52   53   44    1
   33   52   61   62   53    1
   34   61   70   71   62    1
   35   70   79   80   71    1
   36   79   88   89   80    1
   37   88   97   98   89    1
   38   97  106  107   98    1
   39  106  115  116  107    1
   40  115   19   18  116    1
   41   37   44   45   36    1
   42   44   53   54   45    1
   43   53   62   63   54    1
   44   62   71   72   63    1
   45   71   80   81   72    1
   46   80   89   90   81    1
   47   89   98   99   90    1
   48   98  107  108   99    1
   49  107  116  117  108    1
   50  116   18   17  117    1
   51   36   45   46   35    1
   52   45   54   55   46    1
   53   54   63   64   55    1
   54   63   72   73   64    1
   55   72   81   82   73    1
   56   81   90   91   82    1
   57   90   99  100   91    1
   58   99  108  109  100    1
   59  108  117  118  109    1
   60  117   17   16  118    1
   61   35   46   47   34    1
   62   46   55   56   47    1
   63   55   64   65   56    1
   64   64   73   74   65    1
   65   73   82   83   74    1
   66   82   91   92   83    1
   67   91  100  101   92    1
   68  100  109  110  101    1
   69  109  118  119  110    1
   70  118   16   15  119    1
   71   34   47   48   33    1
   72   47   56   57   48    1
   73   56   65   66   57    1
   74   65   74   75   66    1
   75   74   83   84   75    1
   76   83   92   93   84    1
   77   92  101  102   93    1
   78  101  110  111  102    1
   79  110  119  120  111    1
   80  119   15   14  120    1
   81   33   48   49   32    1
   82   48   57   58   49    1
   83   57   66   67   58    1
   84   66   75   76   67    1
   85   75   84   85   76    1
   86   84   93   94   85    1
   87   93  102  103   94    1
   88  102  111  112  103    1
   89  111  120  121  112    1
   90  120   14   13  121    1
   91   32   49   23   22    1
   92   49   58   24   23    1
   93   58   67   25   24    1
   94   67   76   26   25    1
   95   76   85   27   26    1
   96   85   94   28   27    1
   97   94  103   29   28    1
   98  103  112   30   29    1
   99  112  121   31   30    1
  100  121   13   12   31    1
  101    2  123  151   21    1
  102  123  124  160  151    1
  103  124  125  169  160    1
  104  125  126  178  169    1
  105  126  127  187  178    1
  106  127  128  196  187    1
  107  128  129  205  196    1
  108  129  130  214  205    1
  109  130  131  223  214    1
  110  131  122  141  223    1
  111   21  151  152   20    1
  112  151  160  161  152    1
  113  160  169  170  161    1
  114  169  178  179  170    1
  115  178  187  188  179    1
  116  187  196  197  188    1
  117  196  205  206  197    1
  118  205  214  215  206    1
  119  214  223  224  215    1
  120  223  141  140  224    1
  121   20  152  153   19    1
  122  152  161  162  153    1
  123  161  170  171  162    1
  124  170  179  180  171    1
  125  179  188  189  180    1
  126  188  197  198  189    1
  127  197  206  207  198    1
  128  206  215  216  207    1
  129  215  224  225  216    1
  130  224  140  139  225    1
  131   19  153  154   18    1
  132  153  162  163  154    1
  133  162  171  172  163    1
  134  171  180  181  172    1
  135  180  189  190  181    1
  136  189  198  199  190    1
  137  198  207  208  199    1
  138  207  216  217  208    1
  139  216  225  226  217    1
  140  225  139  138  226    1
  141   18  154  155   17    1
  142  154  163  164  155    1
  143  163  172  173  164    1
  144  172  181  182  173    1
  145  181  190  191  182    1
  146  190  199  200  191    1
  147  199  208  209  200    1
  148  208  217  218  209    1
  149  217  226  227  218    1
  150  226  138  137  227    1
  151   17  155  156   16    1
  152  155  164  165  156    1
  153  164  173  174  165    1
  154  173  182  183  174    1
  155  182  191  192  183    1
  156  191  200  201  192    1
  157  200  209  210  201    1
  158  209  218  219  210    1
  159  218  227  228  219    1
  160  227  137  136  228    1
  161   16  156  157   15    1
  162  156  165  166  157    1
  163  165  174  175  166    1
  164  174  183  184  175    1
  165  183  192  193  184    1
  166  192  201  202  193    1
  167  201  210  211  202    1
  168  210  219  220  211    1
  169  219  228  229  220    1
  170  228  136  135  229    1
  171   15  157  158   14    1
  172  157  166  167  158    1
  173  166  175  176  167    1
  174  175  184  185  176    1
  175  184  193  194  185    1
  176  193  202  203  194    1
  177  202  211  212  203    1
  178  211  220  221  212    1
  179  220  229  230  221    1
  180  229  135  134  230    1
  181   14  158  159   13    1
  182  158  167  168  159    1
  183  167  176  177  168    1
  184  176  185  186  177    1
  185  185  194  195  186    1
  186  194  203  204  195    1
  187  203  212  213  204    1
  188  212  221  222  213    1
  189  221  230  231  222    1
  190  230  134  133  231    1
  191   13  159  142   12    1
  192  159  168  143  142    1
  193  168  177  144  143    1
  194  177  186  145  144    1
  195  186  195  146  145    1
  196  195  204  147  146    1
  197  204  213  148  147    1
  198  213  222  149  148    1
  199  222  231  150  149    1
  200  231  133  132  150    1
  201  122  233  261  141    1
  202  233  234  270  261    1
  203  234  235  279  270    1
  204  235  236  288  279    1
  205  236  237  297  288    1
  206  237  238  306  297    1
  207  238  239  315  306    1
  208  239  240  324  315    1
  209  240  241  333  324    1
  210  241  232  251  333    1
  211  141  261  262  140    1
  212  261  270  271  262    1
  213  270  279  280  271    1
  214  279  288  289  280    1
  215  288  297  298  289    1
  216  297  306  307  298    1
  217  306  315  316  307    1
  218  315  324  325  316    1
  219  324  333  334  325    1
  220  333  251  250  334    1
  221  140  262  263  139    1
  222  262  271  272  263    1
  223  271  280  281  272    1
  224  280  289  290  281    1
  225  289  298  299  290    1
  226  298  307  308  299    1
  227  307  316  317  308    1
  228  316  325  326  317    1
  229  325  334  335  326    1
  230  334  250  249  335    1
  231  139  263  264  138    1
  232  263  272  273  264    1
  233  272  281  282  273    1
  234  281  290  291  282    1
  235  290  299  300  291    1
  236  299  308  309  300    1
  237  308  317  318  309    1
  238  317  326  327  318    1
  239  326  335  336  327    1
  240  335  249  248  336    1
  241  138  264  265  137    1
  242  264  273  274  265    1
  243  273  282  283  274    1
  244  282  291  292  283    1
  245  291  300  301  292    1
  246  300  309  310  301    1
  247  309  318  319  310    1
  248  318  327  328  319    1
  249  327  336  337  328    1
  250  336  248  247  337    1
  251  137  265  266  136    1
  252  265  274  275  266    1
  253  274  283  284  275    1
  254  283  292  293  284    1
  255  292  301  302  293    1
  256  301  310  311  302    1
  257  310  319  320  311    1
  258  319  328  329  320    1
  259  328  337  338  329    1
  260  337  247  246  338    1
  261  136  266  267  135    1
  262  266  275  276  267    1
  263  275  284  285  276    1
  264  284  293  294  285    1
  265  293  302  303  294    1
  266  302  311  312  303    1
  267  311  320  321  312    1
  268  320  329  330  321    1
  269  329  338  339  330    1
  270  338  246  245  339    1
  271  135  267  268  134    1
  272  267  276  277  268    1
  273  276  285  286  277    1
  274  285  294  295  286    1
  275  294  303  304  295    1
  276  303  312  313  304    1
  277  312  321  322  313    1
  278  321  330  331  322    1
  279  330  339  340  331    1
  280  339  245  244  340    1
  281  134  268  269  133    1
  282  268  277  278  269    1
  283  277  286  287  278    1
  284  286  295  296  287    1
  285  295  304  305  296    1
  286  304  313  314  305    1
  287  313  322  323  314    1
  288  322  331  332  323    1
  289  331  340  341  332    1
  290  340  244  243  341    1
  291  133  269  252  132    1
  292  269  278  253  252    1
  293  278  287  254  253    1
  294  287  296  255  254    1
  295  296  305  256  255    1
  296  305  314  257  256    1
  297  314  323  258  257    1
  298  323  332  259  258    1
  299  332  341  260  259    1
  300  341  243  242  260    1
  301  232  342  360  251    1
  302  342  343  369  360    1
  303  343  344  378  369    1
  304  344  345  387  378    1
  305  345  346  396  387    1
  306  346  347  405  396    1
  307  347  348  414  405    1
  308  348  349  423  414    1
  309  349  350  432  423    1
  310  350    1   40  432    1
  311  251  360  361  250    1
  312  360  369  370  361    1
  313  369  378  379  370    1
  314  378  387  388  379    1
  315  387  396  397  388    1
  316  396  405  406  397    1
  317  405  414  415  406    1
  318  414  423  424  415    1
  319  423  432  433  424    1
  320  432   40   39  433    1
  321  250  361  362  249    1
  322  361  370  371  362    1
  323  370  379  380  371    1
  324  379  388  389  380    1
  325  388  397  398  389    1
  326  397  406  407  398    1
  327  406  415  416  407    1
  328  415  424  425  416    1
  329  424  433  434  425    1
  330  433   39   38  434    1
  331  249  362  363  248    1
  332  362  371  372  363    1
  333  371  380  381  372    1
  334  380  389  390  381    1
  335  389  398  399  390    1
  336  398  407  408  399    1
  337  407  416  417  408    1
  338  416  425  426  417    1
  339  425  434  435  426    1
  340  434   38   37  435    1
  341  248  363  364  247    1
  342  363  372  373  364    1
  343  372  381  382  373    1
  344  381  390  391  382    1
  345  390  399  400  391    1
  346  399  408  409  400    1
  347  408  417  418  409    1
  348  417  426  427  418    1
  349  426  435  436  427    1
  350  435   37   36  436    1
  351  247  364  365  246    1
  352  364  373  374  365    1
  353  373  382  383  374    1
  354  382  391  392  383    1
  355  391  400  401  392    1
  356  400  409  410  401    1
  357  409  418  419  410    1
  358  418  427  428  419    1
  359  427  436  437  428    1
  360  436   36   35  437    1
  361  246  365  366  245    1
  362  365  374  375  366    1
  363  374  383  384  375    1
  364  383  392  393  384    1
  365  392  401  402  393    1
  366  401  410  411  402    1
  367  410  419  420  411    1
  368  419  428  429  420    1
  369  428  437  438  429    1
  370  437   35   34  438    1
  371  245  366  367  244    1
  372  366  375  376  367    1
  373  375  384  385  376    1
  374  384  393  394  385    1
  375  393  402  403  394    1
  376  402  411  412  403    1
  377  411  420  421  412    1
  378  420  429  430  421    1
  379  429  438  439  430    1
  380  438   34   33  439    1
  381  244  367  368  243    1
  382  367  376  377  368    1
  383  376  385  386  377    1
  384  385  394  395  386    1
  385  394  403  404  395    1
  386  403  412  413  404    1
  387  412  421  422  413    1
  388  421  430  431  422    1
  389  430  439  440  431    1
  390  439   33   32  440    1
  391  243  368  351  242    1
  392  368  377  352  351    1
  393  377  386  353  352    1
  394  386  395  354  353    1
  395  395  404  355  354    1
  396  404  413  356  355    1
  397  413  422  357  356    1
  398  422  431  358  357    1
  399  431  440  359  358    1
  400  440   32   22  359    1
