          CESHI FOR YOUXIANYUAN---BY ZLX
   25    1    1    1    5
    1    1    1    1    1    1   0.00000   0.00000   0.00000    0
    2    0    0    0    0    0   2.00000   0.00000   0.00000    0
    3    0    0    0    0    0   0.50000   0.00000   0.00000    0
    4    0    0    0    0    0   1.00000   0.00000   0.00000    0
    5    0    0    0    0    0   1.50000   0.00000   0.00000    0
    6    0    0    0    0    0   2.00000   1.00000   0.00000    0
    7    0    0    0    0    0   2.00000   0.25000   0.00000    0
    8    0    0    0    0    0   2.00000   0.50000   0.00000    0
    9    0    0    0    0    0   2.00000   0.75000   0.00000    0
   10    1    1    1    1    1   0.00000   1.00000   0.00000    0
   11    0    0    0    0    0   1.50000   1.00000   0.00000    0
   12    0    0    0    0    0   1.00000   1.00000   0.00000    0
   13    0    0    0    0    0   0.50000   1.00000   0.00000    0
   14    1    1    1    1    1   0.00000   0.75000   0.00000    0
   15    1    1    1    1    1   0.00000   0.50000   0.00000    0
   16    1    1    1    1    1   0.00000   0.25000   0.00000    0
   17    0    0    0    0    0   0.50000   0.25000   0.00000    0
   18    0    0    0    0    0   0.50000   0.50000   0.00000    0
   19    0    0    0    0    0   0.50000   0.75000   0.00000    0
   20    0    0    0    0    0   1.00000   0.25000   0.00000    0
   21    0    0    0    0    0   1.00000   0.50000   0.00000    0
   22    0    0    0    0    0   1.00000   0.75000   0.00000    0
   23    0    0    0    0    0   1.50000   0.25000   0.00000    0
   24    0    0    0    0    0   1.50000   0.50000   0.00000    0
   25    0    0    0    0    0   1.50000   0.75000   0.00000    0
    1   10
    2    1     -100.
    5    3      100.
    6    1     -100.
    7    1     -100.
    8    1     -100.
    9    1     -100.
   11    3      100.
   23    3      100.
   24    3      100.
   25    3      100.
    7   16    1    0
    1 0.300E+08   0.30000   1.00000
    1    1    3   17   16    1
    2    3    4   20   17    1
    3    4    5   23   20    1
    4    5    2    7   23    1
    5   16   17   18   15    1
    6   17   20   21   18    1
    7   20   23   24   21    1
    8   23    7    8   24    1
    9   15   18   19   14    1
   10   18   21   22   19    1
   11   21   24   25   22    1
   12   24    8    9   25    1
   13   14   19   13   10    1
   14   19   22   12   13    1
   15   22   25   11   12    1
   16   25    9    6   11    1
