8Q TEST 4 elements
   21    1    1    1    3
    1    1    1    1     0.000     0.000         0
    2    0    0    1     0.500     0.125         0
    3    0    0    1     1.000     0.250         0
    4    0    0    1     1.500     0.375         0
    5    0    0    1     2.000     0.500         0
    6    1    1    1     0.000     0.250         0
    7    0    0    1     1.000    0.4375         0
    8    0    0    1     2.000     0.625         0
    9    1    1    1     0.000     0.500         0
   10    0    0    1     0.500    0.5625         0
   11    0    0    1     1.000     0.625         0
   12    0    0    1     1.500    0.6875         0
   13    0    0    1     2.000     0.750         0
   14    1    1    1     0.000     0.750         0
   15    0    0    1     1.000    0.8125         0
   16    0    0    1     2.000     0.875         0
   17    1    1    1     0.000     1.000         0
   18    0    0    1     0.500     1.000         0
   19    0    0    1     1.000     1.000         0
   20    0    0    1     1.500     1.000         0
   21    0    0    1     2.000     1.000         0
    1    5
   17    2     -33.3
   18    2     -33.3
   19    2     -66.6
   20    2     -33.3
   21    2     -33.3
    9    4    1    2
    1      1E10       0.3       1.0
    1    1    3   11    9    2    7   10    6    1
    2    3    5   13   11    4    8   12    7    1
    3   11   13   21   19   12   16   20   15    1
    4    9   11   19   17   10   15   18   14    1