/COM,ANSYS RELEASE 14.5    UP20120918       14:22:45    05/31/2015
/PREP7
/NOPR
/TITLE,                                                                        
*IF,_CDRDOFF,EQ,1,THEN     !if solid model was read in
_CDRDOFF=             !reset flag, numoffs already performed
*ELSE              !offset database for the following FE model
NUMOFF,NODE,       81
NUMOFF,ELEM,       64
NUMOFF,MAT ,        1
NUMOFF,SECN,        1
NUMOFF,TYPE,        1
*ENDIF
*SET,H       ,  8.000000000000    
*SET,_BUTTON ,  0.000000000000    
*SET,_RETURN ,  0.000000000000    
*SET,_STATUS ,  1.000000000000    
*SET,_UIQR   ,  1.000000000000    
*DIM,_Z      ,ARRAY,       9,       5,       1,
*SET,_Z      (       1,       1,       1),  1.000000000000    
*SET,_Z1     ,  0.000000000000    
*SET,_Z10    ,'Nodes                           '
*SET,_Z11    ,'XXX                             '
*SET,_Z12    ,  0.000000000000    
*SET,_Z13    ,  0.000000000000    
*SET,_Z14    ,  0.000000000000    
*SET,_Z15    ,  0.000000000000    
*SET,_Z16    ,  0.000000000000    
*SET,_Z17    ,  0.000000000000    
*SET,_Z18    ,  0.000000000000    
*SET,_Z19    ,  0.000000000000    
*SET,_Z2     ,  0.000000000000    
*SET,_Z20    ,  0.000000000000    
*SET,_Z21    ,  0.000000000000    
*SET,_Z3     ,  0.000000000000    
*SET,_Z30    ,  0.000000000000    
*SET,_Z31    ,  0.000000000000    
*SET,_Z32    ,  0.000000000000    
*SET,_Z4     ,'OFF                             '
*SET,_Z5     ,  0.000000000000    
*SET,_Z7     ,'F                               '
*SET,_Z9     ,'F/M                             '
*SET,_ZBIGMAT,  1.000000000000    
DOF,DELETE
ET,       1,181
DOF,UX  ,UY  ,UZ  ,ROTX,ROTY,
NBLOCK,6,SOLID,        81,        81
(3i9,6e20.13)
        1       11        0 0.0000000000000E+00
        2       21        0 2.0000000000000E+00
        3       12    12500 2.5000000000000E-01
        4       12    25000 5.0000000000000E-01
        5       12    37500 7.5000000000000E-01
        6       12    50000 1.0000000000000E+00
        7       12    62500 1.2500000000000E+00
        8       12    75000 1.5000000000000E+00
        9       12    87500 1.7500000000000E+00
       10       31        0 2.0000000000000E+00 1.0000000000000E+00
       11       22    12500 2.0000000000000E+00 1.2500000000000E-01
       12       22    25000 2.0000000000000E+00 2.5000000000000E-01
       13       22    37500 2.0000000000000E+00 3.7500000000000E-01
       14       22    50000 2.0000000000000E+00 5.0000000000000E-01
       15       22    62500 2.0000000000000E+00 6.2500000000000E-01
       16       22    75000 2.0000000000000E+00 7.5000000000000E-01
       17       22    87500 2.0000000000000E+00 8.7500000000000E-01
       18       41        0 0.0000000000000E+00 1.0000000000000E+00
       19       32    12500 1.7500000000000E+00 1.0000000000000E+00
       20       32    25000 1.5000000000000E+00 1.0000000000000E+00
       21       32    37500 1.2500000000000E+00 1.0000000000000E+00
       22       32    50000 1.0000000000000E+00 1.0000000000000E+00
       23       32    62500 7.5000000000000E-01 1.0000000000000E+00
       24       32    75000 5.0000000000000E-01 1.0000000000000E+00
       25       32    87500 2.5000000000000E-01 1.0000000000000E+00
       26       42    12500 0.0000000000000E+00 8.7500000000000E-01
       27       42    25000 0.0000000000000E+00 7.5000000000000E-01
       28       42    37500 0.0000000000000E+00 6.2500000000000E-01
       29       42    50000 0.0000000000000E+00 5.0000000000000E-01
       30       42    62500 0.0000000000000E+00 3.7500000000000E-01
       31       42    75000 0.0000000000000E+00 2.5000000000000E-01
       32       42    87500 0.0000000000000E+00 1.2500000000000E-01
       33       13        0 2.5000000000000E-01 1.2500000000000E-01
       34       13        0 2.5000000000000E-01 2.5000000000000E-01
       35       13        0 2.5000000000000E-01 3.7500000000000E-01
       36       13        0 2.5000000000000E-01 5.0000000000000E-01
       37       13        0 2.5000000000000E-01 6.2500000000000E-01
       38       13        0 2.5000000000000E-01 7.5000000000000E-01
       39       13        0 2.5000000000000E-01 8.7500000000000E-01
       40       13        0 5.0000000000000E-01 1.2500000000000E-01
       41       13        0 5.0000000000000E-01 2.5000000000000E-01
       42       13        0 5.0000000000000E-01 3.7500000000000E-01
       43       13        0 5.0000000000000E-01 5.0000000000000E-01
       44       13        0 5.0000000000000E-01 6.2500000000000E-01
       45       13        0 5.0000000000000E-01 7.5000000000000E-01
       46       13        0 5.0000000000000E-01 8.7500000000000E-01
       47       13        0 7.5000000000000E-01 1.2500000000000E-01
       48       13        0 7.5000000000000E-01 2.5000000000000E-01
       49       13        0 7.5000000000000E-01 3.7500000000000E-01
       50       13        0 7.5000000000000E-01 5.0000000000000E-01
       51       13        0 7.5000000000000E-01 6.2500000000000E-01
       52       13        0 7.5000000000000E-01 7.5000000000000E-01
       53       13        0 7.5000000000000E-01 8.7500000000000E-01
       54       13        0 1.0000000000000E+00 1.2500000000000E-01
       55       13        0 1.0000000000000E+00 2.5000000000000E-01
       56       13        0 1.0000000000000E+00 3.7500000000000E-01
       57       13        0 1.0000000000000E+00 5.0000000000000E-01
       58       13        0 1.0000000000000E+00 6.2500000000000E-01
       59       13        0 1.0000000000000E+00 7.5000000000000E-01
       60       13        0 1.0000000000000E+00 8.7500000000000E-01
       61       13        0 1.2500000000000E+00 1.2500000000000E-01
       62       13        0 1.2500000000000E+00 2.5000000000000E-01
       63       13        0 1.2500000000000E+00 3.7500000000000E-01
       64       13        0 1.2500000000000E+00 5.0000000000000E-01
       65       13        0 1.2500000000000E+00 6.2500000000000E-01
       66       13        0 1.2500000000000E+00 7.5000000000000E-01
       67       13        0 1.2500000000000E+00 8.7500000000000E-01
       68       13        0 1.5000000000000E+00 1.2500000000000E-01
       69       13        0 1.5000000000000E+00 2.5000000000000E-01
       70       13        0 1.5000000000000E+00 3.7500000000000E-01
       71       13        0 1.5000000000000E+00 5.0000000000000E-01
       72       13        0 1.5000000000000E+00 6.2500000000000E-01
       73       13        0 1.5000000000000E+00 7.5000000000000E-01
       74       13        0 1.5000000000000E+00 8.7500000000000E-01
       75       13        0 1.7500000000000E+00 1.2500000000000E-01
       76       13        0 1.7500000000000E+00 2.5000000000000E-01
       77       13        0 1.7500000000000E+00 3.7500000000000E-01
       78       13        0 1.7500000000000E+00 5.0000000000000E-01
       79       13        0 1.7500000000000E+00 6.2500000000000E-01
       80       13        0 1.7500000000000E+00 7.5000000000000E-01
       81       13        0 1.7500000000000E+00 8.7500000000000E-01
N,R5.3,LOC,       -1,
N,R5.1,LOC,       -1,
EBLOCK,19,SOLID,        64,        64
(19i9)
        1        1        1        1        0        0       13        0        4        0        1        1        3       33       32
        1        1        1        1        0        0       13        0        4        0        2        3        4       40       33
        1        1        1        1        0        0       13        0        4        0        3        4        5       47       40
        1        1        1        1        0        0       13        0        4        0        4        5        6       54       47
        1        1        1        1        0        0       13        0        4        0        5        6        7       61       54
        1        1        1        1        0        0       13        0        4        0        6        7        8       68       61
        1        1        1        1        0        0       13        0        4        0        7        8        9       75       68
        1        1        1        1        0        0       13        0        4        0        8        9        2       11       75
        1        1        1        1        0        0       13        0        4        0        9       32       33       34       31
        1        1        1        1        0        0       13        0        4        0       10       33       40       41       34
        1        1        1        1        0        0       13        0        4        0       11       40       47       48       41
        1        1        1        1        0        0       13        0        4        0       12       47       54       55       48
        1        1        1        1        0        0       13        0        4        0       13       54       61       62       55
        1        1        1        1        0        0       13        0        4        0       14       61       68       69       62
        1        1        1        1        0        0       13        0        4        0       15       68       75       76       69
        1        1        1        1        0        0       13        0        4        0       16       75       11       12       76
        1        1        1        1        0        0       13        0        4        0       17       31       34       35       30
        1        1        1        1        0        0       13        0        4        0       18       34       41       42       35
        1        1        1        1        0        0       13        0        4        0       19       41       48       49       42
        1        1        1        1        0        0       13        0        4        0       20       48       55       56       49
        1        1        1        1        0        0       13        0        4        0       21       55       62       63       56
        1        1        1        1        0        0       13        0        4        0       22       62       69       70       63
        1        1        1        1        0        0       13        0        4        0       23       69       76       77       70
        1        1        1        1        0        0       13        0        4        0       24       76       12       13       77
        1        1        1        1        0        0       13        0        4        0       25       30       35       36       29
        1        1        1        1        0        0       13        0        4        0       26       35       42       43       36
        1        1        1        1        0        0       13        0        4        0       27       42       49       50       43
        1        1        1        1        0        0       13        0        4        0       28       49       56       57       50
        1        1        1        1        0        0       13        0        4        0       29       56       63       64       57
        1        1        1        1        0        0       13        0        4        0       30       63       70       71       64
        1        1        1        1        0        0       13        0        4        0       31       70       77       78       71
        1        1        1        1        0        0       13        0        4        0       32       77       13       14       78
        1        1        1        1        0        0       13        0        4        0       33       29       36       37       28
        1        1        1        1        0        0       13        0        4        0       34       36       43       44       37
        1        1        1        1        0        0       13        0        4        0       35       43       50       51       44
        1        1        1        1        0        0       13        0        4        0       36       50       57       58       51
        1        1        1        1        0        0       13        0        4        0       37       57       64       65       58
        1        1        1        1        0        0       13        0        4        0       38       64       71       72       65
        1        1        1        1        0        0       13        0        4        0       39       71       78       79       72
        1        1        1        1        0        0       13        0        4        0       40       78       14       15       79
        1        1        1        1        0        0       13        0        4        0       41       28       37       38       27
        1        1        1        1        0        0       13        0        4        0       42       37       44       45       38
        1        1        1        1        0        0       13        0        4        0       43       44       51       52       45
        1        1        1        1        0        0       13        0        4        0       44       51       58       59       52
        1        1        1        1        0        0       13        0        4        0       45       58       65       66       59
        1        1        1        1        0        0       13        0        4        0       46       65       72       73       66
        1        1        1        1        0        0       13        0        4        0       47       72       79       80       73
        1        1        1        1        0        0       13        0        4        0       48       79       15       16       80
        1        1        1        1        0        0       13        0        4        0       49       27       38       39       26
        1        1        1        1        0        0       13        0        4        0       50       38       45       46       39
        1        1        1        1        0        0       13        0        4        0       51       45       52       53       46
        1        1        1        1        0        0       13        0        4        0       52       52       59       60       53
        1        1        1        1        0        0       13        0        4        0       53       59       66       67       60
        1        1        1        1        0        0       13        0        4        0       54       66       73       74       67
        1        1        1        1        0        0       13        0        4        0       55       73       80       81       74
        1        1        1        1        0        0       13        0        4        0       56       80       16       17       81
        1        1        1        1        0        0       13        0        4        0       57       26       39       25       18
        1        1        1        1        0        0       13        0        4        0       58       39       46       24       25
        1        1        1        1        0        0       13        0        4        0       59       46       53       23       24
        1        1        1        1        0        0       13        0        4        0       60       53       60       22       23
        1        1        1        1        0        0       13        0        4        0       61       60       67       21       22
        1        1        1        1        0        0       13        0        4        0       62       67       74       20       21
        1        1        1        1        0        0       13        0        4        0       63       74       81       19       20
        1        1        1        1        0        0       13        0        4        0       64       81       17       10       19
       -1
EN,R5.5,ATTR,       -1,
MPTEMP,R5.0, 1, 1,  0.00000000    ,
MPDATA,R5.0, 1,EX  ,       1, 1,  30000000.0    ,
MPTEMP,R5.0, 1, 1,  0.00000000    ,
MPDATA,R5.0, 1,PRXY,       1, 1, 0.300000000    ,
SECTYPE,      1,SHELL,    ,        
SECOFFSET,MID
SECBLOCK,      1
     0.100000,         1,     0.000000,         3
SECCONTROL,  0.0000    ,  0.0000    ,  0.0000    ,  0.0000    ,  1.0000    ,  1.0000    ,  1.0000    ,,,,,  0.0000    
EXTOPT,ATTR,      0,      0,      0
EXTOPT,ESIZE,  0,  0.0000    
EXTOPT,ACLEAR,      0
TREF,  0.00000000
IRLF,  0
BFUNIF,TEMP,_TINY
ACEL,  0.00000000    ,  0.00000000    ,  0.00000000
OMEGA,  0.00000000    ,  0.00000000    ,  0.00000000
DOMEGA,  0.00000000    ,  0.00000000    ,  0.00000000
CGLOC,  0.00000000    ,  0.00000000    ,  0.00000000
CGOMEGA,  0.00000000    ,  0.00000000    ,  0.00000000
DCGOMG,  0.00000000    ,  0.00000000    ,  0.00000000

KUSE,     0
TIME,  0.00000000
ALPHAD,  0.00000000
BETAD,  0.00000000
DMPRAT,  0.00000000





CRPLIM, 0.100000000    ,   0
CRPLIM,  0.00000000    ,   1
NCNV,     1,  0.00000000    ,     0,  0.00000000    ,  0.00000000

NEQIT,     0

ERESX,DEFA

D,      1,UX  ,  0.00000000    ,  0.00000000    
D,      1,UY  ,  0.00000000    ,  0.00000000    
D,      1,UZ  ,  0.00000000    ,  0.00000000    
D,      1,ROTX,  0.00000000    ,  0.00000000    
D,      1,ROTY,  0.00000000    ,  0.00000000    
D,      1,ROTZ,  0.00000000    ,  0.00000000    
D,     18,UX  ,  0.00000000    ,  0.00000000    
D,     18,UY  ,  0.00000000    ,  0.00000000    
D,     18,UZ  ,  0.00000000    ,  0.00000000    
D,     18,ROTX,  0.00000000    ,  0.00000000    
D,     18,ROTY,  0.00000000    ,  0.00000000    
D,     18,ROTZ,  0.00000000    ,  0.00000000    
D,     26,UX  ,  0.00000000    ,  0.00000000    
D,     26,UY  ,  0.00000000    ,  0.00000000    
D,     26,UZ  ,  0.00000000    ,  0.00000000    
D,     26,ROTX,  0.00000000    ,  0.00000000    
D,     26,ROTY,  0.00000000    ,  0.00000000    
D,     26,ROTZ,  0.00000000    ,  0.00000000    
D,     27,UX  ,  0.00000000    ,  0.00000000    
D,     27,UY  ,  0.00000000    ,  0.00000000    
D,     27,UZ  ,  0.00000000    ,  0.00000000    
D,     27,ROTX,  0.00000000    ,  0.00000000    
D,     27,ROTY,  0.00000000    ,  0.00000000    
D,     27,ROTZ,  0.00000000    ,  0.00000000    
D,     28,UX  ,  0.00000000    ,  0.00000000    
D,     28,UY  ,  0.00000000    ,  0.00000000    
D,     28,UZ  ,  0.00000000    ,  0.00000000    
D,     28,ROTX,  0.00000000    ,  0.00000000    
D,     28,ROTY,  0.00000000    ,  0.00000000    
D,     28,ROTZ,  0.00000000    ,  0.00000000    
D,     29,UX  ,  0.00000000    ,  0.00000000    
D,     29,UY  ,  0.00000000    ,  0.00000000    
D,     29,UZ  ,  0.00000000    ,  0.00000000    
D,     29,ROTX,  0.00000000    ,  0.00000000    
D,     29,ROTY,  0.00000000    ,  0.00000000    
D,     29,ROTZ,  0.00000000    ,  0.00000000    
D,     30,UX  ,  0.00000000    ,  0.00000000    
D,     30,UY  ,  0.00000000    ,  0.00000000    
D,     30,UZ  ,  0.00000000    ,  0.00000000    
D,     30,ROTX,  0.00000000    ,  0.00000000    
D,     30,ROTY,  0.00000000    ,  0.00000000    
D,     30,ROTZ,  0.00000000    ,  0.00000000    
D,     31,UX  ,  0.00000000    ,  0.00000000    
D,     31,UY  ,  0.00000000    ,  0.00000000    
D,     31,UZ  ,  0.00000000    ,  0.00000000    
D,     31,ROTX,  0.00000000    ,  0.00000000    
D,     31,ROTY,  0.00000000    ,  0.00000000    
D,     31,ROTZ,  0.00000000    ,  0.00000000    
D,     32,UX  ,  0.00000000    ,  0.00000000    
D,     32,UY  ,  0.00000000    ,  0.00000000    
D,     32,UZ  ,  0.00000000    ,  0.00000000    
D,     32,ROTX,  0.00000000    ,  0.00000000    
D,     32,ROTY,  0.00000000    ,  0.00000000    
D,     32,ROTZ,  0.00000000    ,  0.00000000    
F,      2,FZ  , -5.00000000    ,  0.00000000    
F,     10,FZ  , -5.00000000    ,  0.00000000    
F,     11,FZ  , -10.0000000    ,  0.00000000    
F,     12,FZ  , -10.0000000    ,  0.00000000    
F,     13,FZ  , -10.0000000    ,  0.00000000    
F,     14,FZ  , -10.0000000    ,  0.00000000    
F,     15,FZ  , -10.0000000    ,  0.00000000    
F,     16,FZ  , -10.0000000    ,  0.00000000    
F,     17,FZ  , -10.0000000    ,  0.00000000    
/GO
FINISH
